269.63960000000014
270.8545570222223
273.05456357164616
275.925113861088
279.1898072001136
282.6529866354497
286.1995815220798
289.77356593724636
293.35304471261577
296.93151221750884
300.5073677860118
304.07970351008186
307.64741335219526
311.2094108846235
314.76487830888027
318.31328877225553
321.8542974658305
325.387634200792
328.91305250130415
332.4303239174779
335.9392468273114
339.4396503778663
342.93139077649
346.4143452698459
349.888409105177
353.35350053595965
356.8095863351481
360.2567511980577
363.69532290729
367.12599667756734
370.549779590805
373.9674828730094
377.37856589298787
380.7794648032691
384.1620205856311
387.5129599674988
390.8152530724743
394.0514725073679
397.2082763257458
400.2803634712017
403.2721957570591
406.19658110033424
409.0705322518656
411.9100078012468
414.7256064683749
417.5207995513056
420.29311876571217
423.03745645134643
425.7498610904309
428.4302103434987
431.08281931269994
433.7150153242726
436.33453179555374
438.946925109116
441.5540314198018
444.1539246995978
446.742203664583
449.31398429311764
451.8658344212478
454.3970358191116
456.90987736581025
459.4090253943593
461.9002708845301
464.3890639122786
466.8792184276065
469.3720502470131
471.86605766921025
474.357117831984
476.839080984807
479.30460407988465
481.74606368761505
484.1564101876015
486.52985716004014
488.86233464193094
491.1516704124566
493.39749997489037
495.60094272118926
497.76411538801716
499.8895780593482
501.9798155448133
504.0368432150742
506.0619920346089
508.05588033013083
510.0185331264079
511.9495782507667
513.8484418209994
515.7144850651728
517.5470607909322
519.3455062672684
521.1091150526676
522.8371347311496
524.5288209396617
526.1835489057639
527.8009545192098
529.381059332034
530.9243342242102
532.4316740732978
533.9042836468511
535.3435028960699
536.7506183581636
538.1267109026228
539.4725784419435
540.7887501843826
542.0755839638725
543.333417562124
544.5627338741051
545.7642999454663
546.9392496825552
548.0890955162008
549.2156708716115
550.3210189758212
551.4072518296682
552.4764053223722
553.5303131855743
554.5705154359114
555.5982082056317
556.6142334200765
557.6191002859831
558.6130270542741
559.5959913405164
560.5677799836593
561.52803388281
562.4762879456398
563.4120096833677
564.3346410275736
565.2436463684891
566.1385662893447
567.0190723753251
567.8850154232197
568.7364586376659
569.5736894239683
570.3972076338398
571.207693243503
572.0059607803339
572.7929099813718
573.5694815421263
574.3366237273805
575.0952711945289
575.8463331227938
576.5906849910738
577.3291578569263
578.0625207269387
578.7914548396899
579.5165222741682
580.2381341160954
580.9565246759296
581.6717377064347
582.383628501251
583.0918828293584
583.7960506652637
584.4955902992187
585.1899170825016
585.8784508930663
586.5606572400784
587.2360784364704
587.9043530765574
588.5652238172112
589.2185349211102
589.8642220273185
590.5022971102098
591.1328315903837
591.7559401468675
592.3717670678168
592.9804761147151
593.582244019121
594.1772570228458
594.7657094141914
595.3478028489965
595.9237453570976
596.493749250559
597.0580275675571
597.6167891014132
598.1702323983693
598.7185393194376
599.2618688498098
599.8003518304297
600.3340872166256
600.863140367017
601.3875437438812
601.907300258725
602.4223893109329
602.932775335198
603.4384184032566
603.9392861462171
604.4353660213458
604.9266767932739
605.4132780775369
605.8952769260937
606.3728307131587
606.8461459693942
607.3154732556982
607.7810985969312
608.2433323475103
608.7024965870116
609.1589122205214
609.6128868868601
610.0647045822593
610.5146176279292
610.9628412947926
611.4095510935414
611.8548824805179
612.298932544027
612.7417631315024
613.1834048524919
613.6238614331947
614.0631139874564
614.5011248876195
614.9378410487511
615.373196566878
615.8071147643581
616.239509784424
616.6702879352803
617.0993490069961
617.5265877695966
617.9518958098503
618.3751637839124
618.7962840649145
619.215153664728
619.6316772251148
620.0457698213162
620.4573593118583
620.8663880051043
621.2728134903289
621.6766085852879
622.0777604647485
622.476269135346
622.8721454943312
623.2654092423668
623.6560869105754
624.0442102145233
624.4298148740249
624.8129399523011
625.1936276861647
625.5719237129381
625.9478775577313
626.3215432290373
626.6929797790392
627.0622517113744
627.429429155345
627.7945877633517
628.1578083209084
628.5191760815821
628.8787798512349
629.2367108483078
629.5930613630178
629.9479232325742
630.3013861461748
630.6535357958013
631.0044518981324
631.3542061286405
631.7028600287865
632.0504629675346
632.3970502551896
632.7426415171365
633.0872394349451
633.4308289514455
633.7733770153524
634.1148329118106
634.4551291907555
634.7941831686247
635.1318989440722
635.468169837836
635.8028811430588
636.13591305668
636.4671436557255
636.7964517845113
637.1237197293082
637.4488355747797
637.7716951598446
638.092203577532
638.4102761916005
638.7258391699555
639.0388295590392
639.3491949428031
639.6568927434712
639.9618892288244
640.2641582925612
640.5636800715305
640.8604394577818
641.1544245561142
641.4456251307229
641.7340310789018
642.0196309662307
642.3024106565068
642.582352070376
642.8594321083772
643.1336217757494
643.4048855466543
643.673181003286
643.9384587798512
644.2006628321788
644.4597310408493
644.7155961398445
644.9681869448974
645.2174298374559
645.4632504431737
645.7055754298385
645.9443343402043
646.1794613714915
646.4108970160017
646.6385894863174
646.8624958632691
647.0825829239502
647.2988276287635
647.5112172688422
647.7197492961437
647.9244308763391
648.125278217933
648.3223157391122
648.5155751364589
648.7050944172776
648.8909169508178
649.0730905842222
649.2516668579884
649.4267003442711
649.5982481205453
649.7663693817315
649.9311251862385
650.0925783256216
650.2507933035156
650.4058364068485
650.5577758507095
650.7066819772906
650.8526274887153
650.9956876932965
651.1359407446972
651.2734678538054
651.408353454014
651.5406853021681
651.6705544998938
651.7980554233275
651.9232855534271
652.0463452038167
652.1673371482635
652.2863661550655
652.4035384404319
652.5189610570924
652.6327412375248
652.7449857131941
652.8558000319128
652.9652878949115
653.0735505334982
653.1806861425422
653.2867893845732
653.3919509744283
653.4962573502331
653.5997904324707
653.702627469057
653.8048409609783
653.9064986602332
654.0076636296621
654.1083943527376
654.2087448805833
654.3087650032799
654.408500432882
654.5079929864434
654.6072807586119
654.7063982749723
654.805376619191
654.9042435290696
655.0030234588129
655.1017376070265
655.2004039121766
655.2990370193082
655.3976482236977
655.4962453986859
655.5948329160926
655.6934115683188
655.7919785013728
655.8905271676589
655.9890473063633
656.0875249578107
656.1859425162577
656.2842788234233
656.3825093027774
656.480606132384
656.5785384520999
656.6762725993358
656.7737723664577
656.8709992723792
656.9679128409133
657.0644708790282
657.1606297491628
657.2563446310905
657.3515697703301
657.4462587116152
657.5403645173473
657.6338399721174
657.7266377752462
657.818710723818
657.9100118888628
658.0004947872729
658.0901135517025
658.1788231002818
658.2665793074672
658.3533391768765
658.4390610165267
658.5237046165706
658.6072314293582
658.6896047514624
658.7707899071238
658.8507544323851
658.9294682589294
659.0069038963234
659.0830366109539
659.1578445994934
659.2313091542203
659.3034148170527
659.3741495187455
659.4435046994344
659.5114754066166
659.5780603667889
659.6432620273182
659.7070865656991
659.7695438641426
659.830647448374
659.8904143905512
659.9488651772816
660.006023544743
660.061916283846
660.1165730191445
660.1700259657943
660.2223096692235
660.2734607323213
660.3235175348926
660.3725199498565
660.42050906025
660.4675268805622
660.5136160853017
660.5588197470463
660.6031810855912
660.6467432291844
660.689548988323
660.7316406421057
660.7730597368047
660.8138468960577
660.8540416419377
660.8936822261038
660.9328054702769
660.971446615391
661.0096391789405
661.047414820269
661.0848032137934
661.1218319304256
661.1585263277365
661.1949094496754
661.2310019368972
661.2668219489776
661.3023850999423
661.3377044086625
661.3727902656934
661.4076504181028
661.4422899737165
661.4767114260127
661.5109147006176
661.5448972240135
661.5786540146681
661.6121777963425
661.64545913287
661.6784865832141
661.7112468751498
661.7437250954843
661.7759048943435
661.8077687007394
661.8392979463937
661.870473294635
661.9012748711278
661.9316824932224
661.9616758948196
661.9912349438625
662.0203398498273
662.0489713589252
662.0771109351173
662.1047409254544
662.1318447086982
662.1584068266105
662.1844130977146
662.2098507137272
662.2347083191983
662.2589760751717
662.2826457079166
662.305710543903
662.3281655322927
662.3500072562114
662.3712339340118
662.3918454116402
662.4118431470578
662.4312301875042
662.4500111401958
662.4681921368727
662.4857807924275
662.5027861577138
662.5192186665067
662.5350900765211
662.5504134043443
662.5652028541624
662.579473740174
662.5932424026794
662.6065261179228
662.6193430018739
662.6317119082839
662.6436523214703
662.6551842444256
662.6663280829763
662.6771045268243
662.6875344284165
662.6976386806568
662.7074380945421
662.7169532778356
662.7262045159064
662.7352116558436
662.7439939949282
662.7525701744751
662.7609580799835
662.7691747484371
662.7772362834816
662.7851577790798
662.7929532521316
662.8006355843938
662.80821647393
662.8157063961854
662.8231145746852
662.8304489612469
662.837716225537
662.844921753724
662.8520696559453
662.8591627822805
662.866202746894
662.873189960025
662.8801236674934
662.8870019974039
662.8938220137294
662.9005797764729
662.9072704080847
662.9138881658134
662.9204265196433
662.9268782354317
662.9332354628228
662.9394898274584
662.9456325269437
662.9516544299661
662.9575461778903
662.9632982880984
662.9689012582626
662.9743456707065
662.9796222959479
662.9847221944843
662.9896368158762
662.9943580941599
662.9988785386503
663.0031913192121
663.0072903451332
663.0111703367833
663.0148268893362
663.0182565279101
663.0214567535909
663.024426079918
663.0271640595289
663.0296713007862
663.0319494743404
663.0340013096978
663.0358305819962
663.0374420892933
663.0388416207869
663.0400359164706
663.0410326188196
663.0418402171512
663.0424679853804
663.042925913901
663.043224636374
663.0433753521978
663.0433897454396
663.0432799010099
663.0430582188254
663.0427373267013
663.0423299926753
663.0418490374383
663.0413072475235
663.0407172898613
663.0400916282903
663.0394424425784
663.0387815504857
663.0381203333683
663.0374696658141
663.0368398497524
663.0362405534859
663.0356807560438
663.0351686972425
663.0347118338069
663.0343168018726
663.033989386152
663.0337344960008
663.0335561485836
663.0334574592666
663.0334406393273
663.0335070009844
663.0336569697017
663.0338901036363
663.0342051200286
663.0345999282654
663.0350716692607
663.0356167607345
663.036230947905
663.0369093590399
663.0376465652586
663.038436643937
663.0392732450184
663.0401496595143
663.0410588894538
663.0419937185418
663.0429467827796
663.0439106403292
663.0448778399112
663.0458409870766
663.0467928077144
663.047726208231
663.0486343318639
663.0495106106773
663.0503488128307
663.0511430847929
663.0518879882271
663.0525785313473
663.0532101946134
663.0537789506839
663.0542812786261
663.05471417242
663.0550751438587
663.0553622199977
663.0555739353408
663.055709318999
663.0557678770898
663.0557495706759
663.0556547895638
663.0554843223157
663.0552393228261
663.0549212738496
663.0545319478589
663.0540733656329
663.0535477529662
663.0529574959078
663.0523050949256
663.0515931183961
663.0508241558215
663.0500007711559
663.0491254566386
663.0482005875041
663.0472283779396
663.0462108386566
663.0451497364107
663.0440465558166
663.0429024637602
663.0417182767212
663.0404944312759
663.0392309580391
663.0379274592766
663.0365830904009
663.0351965455136
663.0337660471545
663.0322893403649
663.0307636911461
663.0291858893601
663.0275522560815
663.0258586553716
663.0241005104141
663.0222728239073
663.0203702025814
663.0183868856609
663.0163167770738
663.0141534811629
663.0118903416294
663.0095204834163
663.0070368571982
663.0044322861378
663.0016995145377
662.9988312580012
662.9958202547023
662.992659317359
662.9893413854859
662.9858595775066
662.9822072423052
662.978378009796
662.9743658400972
662.9701650709111
662.9657704627116
662.9611772413805
662.9563811379227
662.9513784249468
662.9461659495947
662.9407411626499
662.9351021435813
662.9292476213069
662.9231769905039
662.9168903233266
662.9103883764308
662.9036725932411
662.8967451014404
662.8896087057038
662.8822668757253
662.874723729644
662.8669840129961
662.8590530733702
662.8509368309658
662.842641745298
662.8341747783068
662.8255433541777
662.8167553161766
662.8078188808475
662.7987425899213
662.7895352603059
662.780205932534
662.7707638180544
662.7612182457514
662.7515786080805
662.741854307207
662.7320547015198
662.7221890528957
662.7122664750693
662.7022958834557
662.6922859467554
662.6822450406592
662.672181203941
662.6621020972261
662.6520149646806
662.641926598859
662.6318433089249
662.6217708924268
662.6117146107919
662.6016791686803
662.5916686973022
662.58168674179
662.5717362526779
662.5618195815179
662.5519384806337
662.5420941069827
662.53228703007
662.5225172438243
662.5127841823253
662.5030867392356
662.4934232907655
662.4837917219721
662.4741894561733
662.4646134872197
662.4550604143622
662.4455264794195
662.4360076059401
662.4264994400299
662.416997392515
662.4074966820899
662.3979923790985
662.3884794495955
662.3789527993355
662.3694073173305
662.359837918648
662.3502395861044
662.3406074105417
662.3309366293889
662.3212226632222
662.3114611500715
662.3016479772333
662.2917793103877
662.2818516198407
662.2718617037397
662.2618067081431
662.2516841438596
662.2414918999966
662.2312282541865
662.2208918795034
662.2104818480924
662.1999976315776
662.1894390983284
662.1788065076995
662.1681005013772
662.15732209198
662.1464726490927
662.1355538829177
662.1245678257442
662.1135168114523
662.102403453272
662.0912306200233
662.0800014110756
662.0687191302559
662.0573872589473
662.0460094286026
662.0345893929114
662.0231309998373
662.0116381637444
662.0001148378207
661.9885649869973
661.976992561546
661.9654014715363
661.9537955623051
661.9421785910974
661.9305542050018
661.9189259203087
661.9072971033879
661.8956709531849
661.884050485401
661.8724385184216
661.8608376610391
661.8492503019979
661.8376786013763
661.8261244838134
661.8145896335627
661.8030754913555
661.7915832530301
661.7801138698873
661.7686680507052
661.7572462653509
661.745848749904
661.734475513211
661.723126344768
661.7118008238353
661.70049832967
661.6892180527672
661.6779590069842
661.6667200424336
661.6554998590157
661.6442970204625
661.6331099687726
661.621937038904
661.6107764736043
661.599626438255
661.5884850356089
661.5773503203106
661.5662203130859
661.5550930144984
661.5439664181828
661.5328385234587
661.5217073472508
661.5105709352445
661.4994273722141
661.4882747914774
661.4771113834296
661.4659354031371
661.4547451769618
661.4435391082147
661.4323156818417
661.4210734681461
661.4098111255803
661.3985274026313
661.387221138843
661.3758912650195
661.3645368026689
661.3531568627463
661.341750643758
661.3303174293044
661.3188565851258
661.307367555734
661.2958498607001
661.2843030906731
661.2727269032109
661.2611210184853
661.2494852149413
661.2378193249671
661.226123230642
661.2143968596131
661.2026401811569
661.1908532024614
661.1790359651759
661.1671885422521
661.155311035104
661.1434035711032
661.1314663014222
661.1194993992262
661.107503058217
661.0954774915177
661.0834229308853
661.0713396262348
661.059227845455
661.0470878744829
661.0349200176123
661.0227245980043
661.0105019583648
660.9982524617479
660.9859764924582
660.973674457004
660.9613467850704
660.9489939304719
660.9366163720506
660.9242146144824
660.9117891889595
660.89934065372
660.8868695943924
660.8743766241312
660.8618623835197
660.8493275402226
660.836772788368
660.824198847648
660.8116064621288
660.7989963987621
660.7863694456007
660.7737264097105
660.7610681147961
660.74839539854
660.7357091096713
660.7230101047821
660.7102992449067
660.6975773918915
660.6848454045798
660.6721041348409
660.6593544234737
660.6465970960242
660.6338329585483
660.6210627933624
660.6082873548185
660.5955073651477
660.5827235104132
660.569936436614
660.5571467459831
660.5443549935206
660.5315616838012
660.5187672680968
660.5059721418501
660.4931766425325
660.4803810479196
660.467585574809
660.4547903782078
660.4419955510077
660.4292011241628
660.4164070673819
660.4036132903389
660.3908196444021
660.3780259248795
660.3652318737626
660.3524371829632
660.3396414980072
660.3268444221746
660.3140455210403
660.3012443273853
660.2884403464373
660.275633061392
660.2628219391698
660.2500064363525
660.237186005246
660.2243601000142
660.2115281828227
660.1986897299338
660.1858442376965
660.1729912283662
660.160130255702
660.1472609102815
660.1343828244839
660.1214956770815
660.1085991974023
660.095693169013
660.0827774328845
660.0698518900095
660.0569165034349
660.0439712996965
660.0310163696254
660.0180518685261
660.005078015712
659.9920950934041
659.9791034449969
659.9661034727027
659.9530956345985
659.9400804410944
659.9270584508558
659.9140302662156
659.9009965281139
659.8879579106156
659.8749151150466
659.8618688638105
659.8488198939332
659.8357689504008
659.822716779348
659.8096641211592
659.796611703548
659.7835602346765
659.7705103963808
659.7574628375628
659.7444181678122
659.7313769513197
659.7183397011372
659.7053068738404
659.6922788646464
659.679256003033
659.6662385489064
659.6532266893505
659.640220535997
659.6272201230429
659.6142254059397
659.6012362607664
659.5882524843068
659.5752737948264
659.5622998335527
659.5493301668497
659.5363642890753
659.5234016260949
659.5104415394328
659.4974833310231
659.4845262485267
659.4715694911674
659.458612216044
659.4456535448589
659.4326925710152
659.4197283670132
659.406759992091
659.3937865000364
659.3808069471087
