1123.3766000000007
1123.1832263688896
1122.9782855351366
1122.7807654133971
1122.5937072048046
1122.4140321439877
1122.238008142516
1122.06296734911
1121.8874801924796
1121.7109886938524
1121.5334179394895
1121.3548865616508
1121.1755458885737
1120.9955182424014
1120.8148907081236
1120.6337270697647
1120.452079323625
1120.2699941206076
1120.0875154309372
1119.9046853684385
1119.7215442903582
1119.538130634729
1119.3544806895122
1119.1706283953122
1118.986605209054
1118.802439836541
1118.618157095348
1118.4337745398088
1118.2492959984222
1118.0647045233213
1117.879963355651
1117.6950383899575
1117.5099524609018
1117.3248662784977
1117.1401573561018
1116.9564506983384
1116.7745593409734
1116.595325212699
1116.419399818795
1116.247044556013
1116.078036876722
1115.9117321027572
1115.7472660033154
1115.58382151183
1115.4208550487906
1115.258197520968
1115.0960017521388
1114.9345737881029
1114.774169766881
1114.6148451364684
1114.4564110054898
1114.298501700576
1114.140712151296
1113.9827415436214
1113.8244860248822
1113.6660507304675
1113.5076856001513
1113.349676201069
1113.192231730859
1113.0354068700578
1112.8790775762152
1112.7229712071776
1112.566735546219
1112.4100233228764
1112.2525691135352
1112.0942418653524
1111.935065357612
1111.775207568907
1111.6149461367631
1111.4546201901676
1111.2945791379584
1111.135137312836
1110.9765405269925
1110.818947273167
1110.6624241195714
1110.5069524276278
1110.3524423988167
1110.1987507846923
1110.0456999437201
1109.8930974055245
1109.7407558044772
1109.58851259419
1109.436247750076
1109.2838966427853
1109.1314553043242
1108.978976686332
1108.826558721991
1108.6743270705106
1108.5224164537806
1108.3709541476665
1108.2200477929114
1108.0697779926256
1107.920194912734
1107.7713176873965
1107.6231357623374
1107.4756119506403
1107.328687430906
1107.1822888868103
1107.0363374818853
1106.890758650932
1106.7454911295167
1106.6004935150588
1106.455747048936
1106.3112541162907
1106.1670329232484
1106.0231096343523
1105.8795097046184
1105.7362501237321
1105.5933338599925
1105.4507471213142
1105.3084593605677
1105.1664254349103
1105.0245890904455
1104.8828869853571
1104.7412526993935
1104.5996204737612
1104.4579286597107
1104.3161229507461
1104.174159422295
1104.032007252505
1103.8896508310584
1103.7470908640205
1103.6043441080117
1103.4614415268709
1103.3184249212068
1103.1753423657115
1103.03224302301
1102.8891720261347
1102.7461661090406
1102.603250527946
1102.4604375953802
1102.3177268949887
1102.175107006027
1102.0325583772421
1101.8900568706406
1101.7475774538536
1101.6050975532332
1101.4625996784134
1101.32007307554
1101.177514336678
1101.0349270584559
1100.892320775469
1100.749709471295
1100.6071099819135
1100.4645405574443
1100.3220197563116
1100.1795657375762
1100.0371959194786
1099.8949269061536
1099.7527745595116
1099.6107541063232
1099.4688802086343
1099.327166970881
1099.1856278931193
1099.0442757962962
1098.903122740768
1098.7621799393496
1098.6214576422672
1098.4809649552274
1098.3407095521918
1098.2006972642512
1098.0609315614354
1097.9214129861923
1097.7821386337116
1097.6431017936816
1097.504291863033
1097.3656946079384
1097.227292800948
1097.0890671960035
1096.9509977436503
1096.8130649039845
1096.6752508951342
1096.5375407241058
1096.399922882037
1096.2623896393964
1096.1249369375382
1095.987563929789
1095.85027226858
1095.7130652592184
1095.57594700415
1095.4389216462102
1095.3019927903592
1095.1651631470465
1095.0284344031488
1094.8918072938297
1094.755281824718
1094.6188575804285
1094.4825340531124
1094.346310931852
1094.2101883080154
1094.074166769901
1093.9382473790952
1093.8024315380455
1093.6667207716307
1093.5311164538673
1093.395619514327
1093.260230158019
1093.1249476284165
1092.9897700372226
1092.854694277256
1092.7197160272217
1092.5848298495298
1092.4500293748392
1092.3153075599753
1092.1806569994635
1092.0460702658465
1091.911540250596
1091.777060476743
1091.642625356448
1091.5082303719632
1091.3738721661302
1091.2395485380414
1091.1052583493893
1090.9710013560846
1090.8367779866878
1090.702589093163
1090.5684357001187
1090.4343187760471
1090.300239044851
1090.166196849004
1090.0321920681497
1089.8982240898667
1089.7642918235738
1089.6303937446955
1089.496527954551
1089.3626922418164
1089.2288841336074
1089.0951009277017
1088.9613397015494
1088.8275972980105
1088.693870291611
1088.5601549421822
1088.4264471447366
1088.292742385234
1088.1590357114474
1088.0253217266245
1087.8915946112154
1087.7578481748671
1087.6240759375878
1087.490271235717
1087.356427345576
1087.2225376156607
1087.0885955973079
1086.9545951639886
1086.8205306108018
1086.6863967281686
1086.5521888468907
1086.417902855148
1086.2835351913075
1086.1490828190053
1086.0145431925926
1085.8799142214048
1085.7451942404007
1085.610381992711
1085.4754766268504
1085.340477708208
1085.2053852414879
1085.0701996984537
1084.9349220439467
1084.7995537529453
1084.6640968123595
1084.5285537031386
1084.3929273607973
1084.2572211152462
1084.1214386134316
1083.9855837303844
1083.8496604756162
1083.7136729022473
1083.5776250257845
1083.4415207582942
1083.3053638619158
1083.1691579236617
1083.0329063513475
1082.8966123886466
1082.7602791457912
1082.623909641453
1082.4875068508982
1082.351073755589
1082.2146133898652
1082.0781288812236
1081.9416234817002
1081.8051005890131
1081.6685637572177
1081.5320166975907
1081.395463271271
1081.2589074757086
1081.12235342726
1080.9858053422593
1080.849267518652
1080.7127443197867
1080.5762401613567
1080.439759501773
1080.3033068355323
1080.1668866885789
1080.030503614151
1079.8941621874365
1079.7578669973273
1079.6216226338515
1079.485433670322
1079.3493046398457
1079.2132400065461
1079.0772441325041
1078.9413212420018
1078.8054753850683
1078.6697104025063
1078.5340298945596
1078.3984371951342
1078.262935353041
1078.1275271211757
1077.9922149539382
1077.8570010125522
1077.721887177422
1077.5868750662098
1077.451966056032
1077.3171613080551
1077.182461792793
1077.0478683145827
1076.9133815339858
1076.7790019871875
1076.6447301018466
1076.5105662091482
1076.3765105521422
1076.2425632906354
1076.1087245030487
1075.9749941857065
1075.8413722499904
1075.7078585177358
1075.5744527151305
1075.4411544652912
1075.3079632796012
1075.1748785478544
1075.0418995272703
1074.9090253304926
1074.776254912795
1074.6435870588573
1074.511020369617
1074.3785532498323
1074.2461838971005
1074.1139102931204
1073.9817301979806
1073.8496411481644
1073.7176404588436
1073.5857252308251
1073.4538923622863
1073.322138565224
1073.190460386271
1073.0588542313671
1072.927316393582
1072.7958430832903
1072.664430459835
1072.5330746638222
1072.4017718492364
1072.2705182146344
1072.1393100328137
1072.008143678455
1071.8770156533665
1071.7459226090878
1071.6148613667112
1071.4838289338609
1071.3528225188552
1071.2218395421191
1071.090877644968
1070.9599346958987
1070.829008794562
1070.6980982736022
1070.567201698568
1070.436317866123
1070.305445800784
1070.174584750446
1070.0437341809513
1069.9128937699566
1069.7820634003524
1069.6512431534652
1069.5204333022361
1069.3896343045276
1069.2588467966582
1069.128071587186
1068.9973096509182
1068.8665621230273
1068.7358302931243
1068.6051155990654
1068.4744196202614
1068.3437440702278
1068.213090788147
1068.0824617292317
1067.951858953755
1067.8212846146685
1067.690740943817
1067.5602302368675
1067.4297548371167
1067.299317118452
1067.1689194677756
1067.038564267245
1066.908253876701
1066.7779906166365
1066.6477767520223
1066.517614477282
1066.3875059025995
1066.2574530417144
1066.127457801259
1065.9975219716348
1065.867647219358
1065.7378350807694
1065.6080869569523
1065.478404109706
1065.3487876584093
1065.219238577622
1065.0897576952962
1064.9603456914967
1064.8310030975692
1064.7017302957124
1064.5725275189589
1064.443394851585
1064.314332229993
1064.1853394441193
1064.0564161394361
1063.9275618196116
1063.7987758498853
1063.6700574612225
1063.5414057552878
1063.4128197102739
1063.28429818761
1063.155839939562
1063.0274436177156
1062.8991077823362
1062.7708309125585
1062.6426114173698
1062.5144476473117
1062.3863379068118
1062.2582804670426
1062.130273579171
1062.0023154878572
1061.8744044448379
1061.7465387224106
1061.6187166266448
1061.4909365101284
1061.3631967840715
1061.2354959295985
1061.1078325080869
1060.9802051704135
1060.8526126650268
1060.7250538447627
1060.5975276723818
1060.4700332248042
1060.3425696960803
1060.2151363991213
1060.0877327662683
1059.9603583487587
1059.8330128151847
1059.7056959490205
1059.5784076453087
1059.4511479065852
1059.3239168381194
1059.1967146425427
1059.0695416139251
1058.9423981313703
1058.8152846521718
1058.6882017046091
1058.5611498804174
1058.4341298270099
1058.3071422395017
1058.1801878526103
1058.053267432494
1057.9263817685976
1057.7995316655765
1057.6727179353657
1057.545941389448
1057.4192028313857
1057.2925030496574
1057.165842810842
1057.0392228531719
1056.9126438804858
1056.786106556583
1056.6596114999866
1056.5331592791185
1056.406750407875
1056.2803853415996
1056.154064473454
1056.0277881311715
1055.9015565742095
1055.7753699912894
1055.6492284983512
1055.5231321369195
1055.3970808729136
1055.2710745959205
1055.1451131189417
1055.0191961786616
1054.8933234362355
1054.767494478635
1054.6417088205576
1054.5159659069143
1054.3902651158999
1054.2646057626375
1054.1389871033903
1054.0134083403157
1053.8878686267312
1053.7623670728497
1053.6369027519395
1053.511474706847
1053.3860819568145
1053.2607235045261
1053.1353983432966
1053.0101054643296
1052.8848438639513
1052.759612550749
1052.6344105525218
1052.509236922974
1052.3840907480771
1052.2589711520366
1052.1338773028112
1052.008808417142
1051.8837637650486
1051.7587426737814
1051.63374453121
1051.5087687886396
1051.38381496308
1051.2588826389494
1051.1339714692626
1051.0090811763082
1050.8842115518412
1050.759362456829
1050.634533820772
1050.509725640624
1050.3849379793508
1050.2601709641397
1050.1354247842962
1050.0106996888487
1049.8859959838792
1049.7613140296107
1049.63665423727
1049.5120170657483
1049.3874030180848
1049.262812637798
1049.138246505086
1049.0137052329271
1048.8891894630992
1048.7646998621506
1048.6402371173463
1048.5158019326116
1048.391395024503
1048.2670171182258
1048.142668943724
1048.0183512318604
1047.894064710709
1047.769810101972
1047.6455881175464
1047.52139945625
1047.3972448007182
1047.2731248144898
1047.1490401392916
1047.024991392531
1046.9009791650117
1046.7770040188748
1046.653066485782
1046.5291670653398
1046.4053062237822
1046.2814843929054
1046.1577019692659
1046.0339593136418
1045.9102567507582
1045.786594569272
1045.6629730220156
1045.5393923264899
1045.4158526655997
1045.2923541886175
1045.1688970123687
1045.0454812226078
1044.9221068755842
1044.7987739997677
1044.6754825977112
1044.552232648032
1044.4290241074848
1044.3058569130994
1044.182730984364
1044.059646225422
1043.9366025272604
1043.8135997698678
1043.690637824339
1043.5677165549002
1043.4448358208463
1043.321995478363
1043.1991953822242
1043.0764353873544
1042.953715350245
1042.8310351302073
1042.7083945904787
1042.5857935991548
1042.4632320299627
1042.3407097628715
1042.2182266845352
1042.0957826885838
1041.9733776757566
1041.851011553888
1041.7286842377514
1041.6063956487696
1041.4841457145951
1041.3619343685777
1041.2397615491177
1041.1176271989214
1040.9955312641707
1040.8734736936094
1040.7514544375683
1040.6294734469288
1040.5075306720505
1040.3856260616587
1040.2637595617243
1040.1419311143297
1040.0201406565436
1039.8983881193192
1039.7766734264158
1039.6549964933763
1039.533357226547
1039.4117555221753
1039.2901912655825
1039.1686643304206
1039.047174578038
1038.9257218569442
1038.8043060023967
1038.682926836114
1038.5615841661174
1038.4402777867178
1038.319007478641
1038.1977730093088
1038.0765741332668
1037.955410592772
1037.83428211853
1037.7131884305898
1037.5921292393873
1037.4711042469348
1037.3501131481514
1037.2291556323223
1037.1082313846803
1036.9873400880956
1036.8664814248607
1036.745655078556
1036.6248607359748
1036.5040980891
1036.3833668370987
1036.2626666883352
1036.1419973623563
1036.02135859186
1035.9007501245999
1035.780171725224
1035.6596231770213
1035.5391042835677
1035.4186148702377
1035.2981547855907
1035.1777239026003
1035.0573221197249
1034.9369493618096
1034.8166055808088
1034.6962907563268
1034.5760048959762
1034.4557480355427
1034.335520238969
1034.2153215981498
1034.0951522325481
1033.9750122886276
1033.8549019391216
1033.7348213821301
1033.614770840062
1033.4947505584269
1033.3747608044844
1033.2548018657642
1033.1348740484625
1033.0149776757241
1032.8951130858222
1032.7752806302487
1032.6554806717152
1032.5357135820932
1032.41597974028
1032.296279530026
1032.1766133377175
1032.056981550133
1031.9373845521868
1031.817822724663
1031.698296441967
1031.5788060698922
1031.459351963424
1031.3399344645934
1031.2205539003855
1031.1012105807322
1030.9819047965866
1030.8626368181008
1030.7434068929185
1030.6242152445993
1030.5050620711772
1030.3859475438796
1030.266871806003
1030.1478349719685
1030.0288371265538
1029.9098783243278
1029.7909585892703
1029.6720779146053
1029.5532362628337
1029.4344335659807
1029.3156697260465
1029.1969446156663
1029.0782580789728
1028.9596099326563
1028.840999967212
1028.72242794837
1028.6038936186947
1028.4853966993362
1028.3669368919286
1028.2485138806128
1028.130127334166
1028.0117769082287
1027.8934622476006
1027.7751829885901
1027.656938761404
1027.538729192547
1027.4205539072186
1027.3024125316927
1027.1843046956462
1027.066230034438
1026.948188191307
1026.8301788194833
1026.7122015841862
1026.5942561645143
1026.4763422551944
1026.358459568198
1026.240607834204
1026.1227868039048
1026.004996249152
1025.8872359639354
1025.7695057651906
1025.6518054934375
1025.5341350132505
1025.4164942135553
1025.2988830077616
1025.181301333731
1025.0637491535906
1024.9462264533859
1024.8287332425912
1024.7112695534809
1024.5938354403638
1024.4764309786951
1024.3590562640711
1024.2417114111158
1024.1243965522688
1024.0071118364854
1023.8898574278533
1023.7726335041444
1023.6554402553003
1023.5382778818708
1023.4211465934154
1023.3040466068665
1023.186978144881
1023.0699414341775
1022.9529367038735
1022.8359641838387
1022.7190241030607
1022.6021166880482
1022.4852421612718
1022.368400739653
1022.2515926331147
1022.1348180432016
1022.0180771617713
1021.9013701697771
1021.7846972361374
1021.6680585167112
1021.551454153372
1021.4348842732012
1021.3183489877916
1021.2018483926764
1021.0853825668786
1020.9689515725886
1020.8525554549674
1020.7361942420796
1020.6198679449515
1020.5035765577519
1020.3873200580989
1020.271098407483
1020.1549115517997
1020.0387594219967
1019.9226419348124
1019.8065589936164
1019.6905104893278
1019.5744963014128
1019.4585162989459
1019.3425703417327
1019.2266582814731
1019.110779962964
1018.9949352253271
1018.8791239032496
1018.763345828233
1018.6476008298349
1018.5318887368932
1018.4162093787303
1018.3005625863208
1018.1849481934197
1018.06936603764
1017.9538159614752
1017.8382978132605
1017.7228114480647
1017.6073567285111
1017.4919335255258
1017.3765417190026
1017.261181198387
1017.1458518631864
1017.0305536233842
1016.915286399781
1016.8000501242499
1016.6848447399092
1016.5696702012159
1016.4545264739829
1016.3394135353193
1016.2243313734992
1016.1092799877623
1015.9942593880453
1015.879269594657
1015.7643106378906
1015.6493825575858
1015.5344854026387
1015.419619230468
1015.3047841064405
1015.1899801032575
1015.0752073003144
1014.9604657830284
1014.8457556421464
1014.7310769730307
1014.6164298749383
1014.5018144502835
1014.387230803901
1014.2726790423065
1014.1581592729626
1014.0436716035515
1013.9292161412662
1013.81479299211
1013.7004022602243
1013.5860440472389
1013.4717184516484
1013.3574255682232
1013.2431654874562
1013.1289382950429
1013.0147440714085
1012.9005828912714
1012.7864548232565
1012.6723599295517
1012.5582982656165
1012.4442698799317
1012.3302748138069
1012.2163131012309
1012.1023847687743
1011.9884898355403
1011.8746283131602
1011.7608002058386
1011.6470055104404
1011.5332442166208
1011.4195163069951
1011.3058217573467
1011.1921605368696
1011.078532608441
1010.9649379289252
1010.8513764495043
1010.7378481160248
1010.6243528693731
1010.51089064586
1010.3974613776206
1010.284064993026
1010.1707014171006
1010.0573705719426
1009.9440723771497
1009.830806750243
1009.717573607087
1009.604372862305
1009.4912044296912
1009.3780682226089
1009.2649641543865
1009.151892138694
1009.0388520899149
1008.9258439234997
1008.8128675563079
1008.6999229069362
1008.5870098960283
1008.4741284465706
1008.361278484172
1008.2484599373247
1008.1356727376502
1008.0229168201256
1007.9101921232888
1007.7974985894351
1007.6848361647823
1007.5722047996235
1007.4596044484613
1007.3470350701164
1007.2344966278204
1007.1219890892862
1007.0095124267575
1006.8970666170381
1006.7846516414966
1006.6722674860553
1006.5599141411535
1006.4475916016893
1006.3352998669438
1006.2230389404823
1006.1108088300341
1005.9986095473564
1005.8864411080747
1005.7743035315096
1005.6621968404809
1005.5501210611019
1005.4380762225522
1005.3260623568411
1005.214079498557
1005.1021276846046
1004.9902069539332
1004.8783173472584
1004.766458906774
1004.6546316758589
1004.5428356987846
1004.4310710204153
1004.3193376859108
1004.2076357404284
1004.0959652288276
1003.9843261953819
1003.8727186834891
1003.7611427353944
1003.6495983919182
1003.5380856921928
1003.4266046734115
1003.3151553705852
1003.2037378163161
1003.0923520405803
1002.9809980705261
1002.8696759302896
1002.7583856408227
1002.6471272197399
1002.5359006811826
1002.4247060357026
1002.3135432901596
1002.2024124476466
1002.0913135074279
1001.9802464649007
1001.8692113115789
1001.7582080350969
1001.6472366192337
1001.5362970439644
1001.4253892855252
1001.3145133165082
1001.2036691059753
1001.0928566195903
1000.9820758197793
1000.8713266659031
1000.7606091144577
1000.6499231192867
1000.5392686318171
1000.4286456013076
1000.3180539751141
1000.2074936989687
1000.0969647172703
999.986466973386
999.8760004099587
999.7655649692227
999.6551605933239
999.5447872246376
999.43444480609
999.3241332814739
999.2138525957606
999.103602695401
998.9933835286207
998.8831950456996
998.7730371992379
998.6629099444041
998.5528132391669
998.4427470445042
998.3327113245917
998.2227060469651
998.1127311826609
998.0027867063292
997.892872596319
997.7829888347374
997.6731354074807
997.5633123042371
997.4535195184601
997.3437570473162
997.2340248916038
997.1243230556453
997.0146515471549
996.905010377078
996.7953995594139
996.6858191110076
996.5762690513284
996.4667494022265
996.3572601876722
996.2478014334828
996.1383731670335
996.0289754169604
995.9196082128531
995.8102715849413
995.7009655637803
995.591690179929
995.4824454636363
995.373231444526
995.264048151286
995.1548956113708
995.0457738507077
994.9366828934227
994.8276227615718
