1121.6126000000006
1118.4804023688894
1114.6923924794373
1110.6455574119236
1106.5641346342325
1102.5430632890693
1098.6032058168369
1094.7343540858692
1090.9197310651086
1087.1457142731615
1083.4033648103243
1079.6870429376504
1075.9928896578801
1072.3179879730847
1068.660063917417
1065.0173942333163
1061.3887223493805
1057.7731431127552
1054.169988300752
1050.578742951809
1046.9989966611806
1043.430417321903
1039.8727337148925
1036.3257198342585
1032.789179320943
1029.2629279803652
1025.7467636425645
1022.2404012582158
1018.7433612656719
1015.2548642780746
1011.7739037402165
1008.2997596731764
1004.833142308048
1001.3778303926051
997.9421941649623
994.5396605868988
991.1873097463425
987.9024870555735
984.698314555878
981.57975907194
978.5419698747016
975.5717887318416
972.6519965616872
969.7666525946875
966.9054206742838
964.065286826062
961.2492695030833
958.4630025401743
955.7108440969795
952.9931504502842
950.3056590951951
947.6409377114105
944.9910277060184
942.3500609424269
939.7158230592386
937.089803327774
934.4759130343515
931.8785064433112
929.3004726820199
926.7420097992401
924.2003687922785
921.6705123650598
919.1463822427684
916.6223622471748
914.0945565188933
911.5616275038575
909.025095328419
906.4891359959817
903.9600009885106
901.4452120573571
898.9526771679664
896.4898474936607
894.0630072225358
891.6767644198671
889.3337901987225
887.0348287130347
884.7789672206072
882.5641148001573
880.3875985838436
878.2467605815526
876.139438408027
874.0642443842389
872.0206133808992
870.0086538449838
868.0288873998453
866.0819825923403
864.1685712741984
862.2891894683249
860.4443274076758
858.6345283140777
856.8604593102885
855.1228952323976
853.4225980422586
851.7601228023449
850.1356161248345
848.5486814057621
846.9983648244123
845.4832758412961
844.0018113084916
842.5524192409014
841.1338273181448
839.745174295801
838.3860134702884
837.0561948327411
835.7556645678851
834.484238423224
833.2414060583584
832.0262092323816
830.8372138714168
829.6725721658136
828.5301521541688
827.4077023166442
826.3030180183882
825.2140832706991
824.1391719589828
823.0769040182653
822.026261318191
820.9865736789185
819.9574870830655
818.9389243603671
817.9310446447695
816.93420328724
815.9489101504928
814.975782432386
814.0154888385665
813.0686847579785
812.1359420926899
811.2176811434307
810.3141140603709
809.4252089213815
808.5506803919651
807.6900079210952
806.8424769461124
806.0072342115924
805.1833463043939
804.3698513768403
803.5657973882682
802.7702649241559
801.9823772907001
801.2013038041149
800.4262632039018
799.6565328497608
798.8914664178004
798.1305192163022
797.3732770857407
796.6194829699655
795.8690550309066
795.1220915251175
794.3788600827927
793.6397718540363
792.9053435502925
792.1761522142518
791.4527883456452
790.7358127832894
790.0257216764779
789.3229222669231
788.6277203815619
787.9403188237445
787.2608245028769
786.5892613314686
785.9255857127621
785.2697018038233
784.6214745330926
783.9807393718577
783.3473088714791
782.7209767706414
782.1015209073206
781.4887061963149
780.8822886158878
780.2820206250709
779.6876578779796
779.0989666655463
778.5157312908278
777.9377605854914
777.3648929462165
776.7969995150212
776.2339853511927
775.6757885831238
775.1223775760558
774.5737461443285
774.0299068380237
773.4908824035573
772.9566956850358
772.4273584831518
771.902860165205
771.3831570449481
770.8681636483755
770.3577469025539
769.8517240224965
769.3498644638805
768.8518958289451
768.3575131461157
767.86639057143
767.3781943385721
766.8925957375048
766.4092830182211
765.9279713578129
765.4484103421564
764.970388742154
764.4937366609819
764.0183253608426
763.5440652299814
763.0709024232447
762.5988147128755
762.1278070367475
761.6579071459314
761.1891616473748
760.7216326226232
760.2553948892898
759.7905338665679
759.3271439173592
758.8653269757475
758.4051912370301
757.946849693615
757.4904183446067
757.0360139847809
756.583751578396
756.1337413282959
755.6860856419204
755.2408762555019
754.7981917932583
754.3580960054048
753.9206368520952
753.4858464933864
753.0537421270637
752.6243275076657
752.1975948998538
751.7735271800533
751.3520998066147
750.9332824268469
750.5170399683485
750.1033331568491
749.6921184967963
749.2833478295348
748.876967636657
748.47291827805
748.0711333461227
747.6715392852758
747.2740553777231
746.8785941433513
746.4850621517417
746.0933612057875
745.7033898323002
745.3150450058351
744.9282240349821
744.5428265508208
744.1587565497853
743.7759244530419
743.3942491485566
743.0136599793013
742.6340986326553
742.2555208747061
741.877898062368
741.5012183594281
741.1254875823818
740.7507296095206
740.3769863020835
740.0043169080541
739.6327969452846
739.2625165886144
738.8935786130587
738.5260959699168
738.1601890930365
737.7959830471651
737.4336046384346
737.0731796079763
736.7148300233164
736.358671968916
736.0048136178439
735.6533537426282
735.3043806967772
734.9579718716053
734.6141936081838
734.2731015235441
733.9347411951433
733.5991491388078
733.2663540127173
732.9363779825462
732.6092381891389
732.2849482682168
731.9635198798264
731.6449642120292
731.3292934277418
731.0165220253003
730.7066680825247
730.3997543516131
730.0958091693135
729.7948671448429
729.4969695882896
729.2021646458315
728.9105071156706
728.6220579302809
728.3368833059255
728.055053578436
727.7766417634577
727.5017218979887
727.23036723614
726.9626483838688
726.6986314635144
726.4383763984355
726.181935400664
725.9293517307843
725.680658780398
725.4358795052872
725.195026213839
724.9581006925569
724.7250946306425
724.4959902901793
724.2707613584662
724.049373914921
723.8317874463655
723.6179558506584
723.4078283783134
723.2013504735282
722.998464488534
722.7991102571532
722.6032255239485
722.4107462338485
722.2216066934112
722.0357396190675
721.8530760901559
721.6735454257248
721.4970750044747
721.3235900471825
721.1530133807929
720.9852652031352
720.8202628669168
720.6579207010755
720.4981498865657
720.3408584019829
720.185951052011
720.0333295884138
719.8828929293281
719.7345374780417
719.5881575376256
719.4436458129418
719.3008939870758
719.1597933554017
719.0202354975696
718.882112965863
718.7453199677188
718.6097530207751
718.4753115604973
718.3418984831407
718.2094206103118
718.0777890654908
717.9469195572725
717.8167325685557
717.6871534551798
717.5581124613445
717.4295446623897
717.3013898479823
717.1735923603899
717.0461009032919
716.9188683364641
716.7918514707997
716.6650108765444
716.5383107155045
716.4117186054328
716.285205522025
716.1587457410508
716.03231682032
715.9058996185182
715.7794783455868
715.6530406373781
715.5265776458409
715.400084135063
715.2735585731494
715.1470032101423
715.0204241329891
714.893831289847
714.7672384777542
714.640663289714
714.5141270194501
714.3876545243313
714.2612740490733
714.135017014663
714.0089177784245
713.8830133721144
713.757343225401
713.6319488820131
713.5068737153019
713.3821626490022
713.2578618877628
713.1340186606081
713.0106809790899
712.8878974105627
712.7657168658905
712.6441884000243
712.5233610232974
712.4032835210046
712.2840042787454
712.1655711111861
712.0480310921326
711.9314303841621
711.8158140664099
711.701225959434
711.5877084464092
711.4753022901633
711.364046445871
711.253977869519
711.1451313226407
711.037539174248
710.9312312014387
710.8262343907497
710.7225727429808
710.6202670848467
710.5193348913984
710.4197901235891
710.3216430856303
710.2249003068077
710.1295644521873
710.0356342661489
709.9431045519295
709.8519661894081
709.7622061922417
709.6738078042914
709.5867506340767
709.5010108248752
709.4165612571122
709.3333717788884
709.2514094599318
709.1706388639419
709.0910223342198
709.0125202876164
708.9350915121883
708.8586934644176
708.7832825624746
708.7088144726306
708.6352443866098
708.562527288303
708.4906182088473
708.4194724695774
708.3490459127705
708.2792951204095
708.2101776214034
708.1416520878233
708.0736785207496
708.0062184262769
707.9392349821289
707.8726931951837
707.8065600499958
707.7408046481955
707.6753983383829
707.6103148358769
707.5455303314209
707.4810235877128
707.4167760223926
707.3527717759739
707.2889977630728
707.2254437052574
707.1621021438784
707.098968431375
707.0360406997663
706.9733198053625
706.9108092491117
706.8485150724703
706.7864457291894
706.7246119339443
706.6630264892876
706.6017040929115
706.5406611276915
706.4799154373871
706.4194860912027
706.3593931406461
706.2996573722489
706.2403000597335
706.1813427191315
706.1228068701809
706.0647138070656
706.0070843812106
705.9499387984579
705.8932964325056
705.8371756560153
705.7815936903305
705.7265664742782
705.6721085520793
705.6182329800065
705.5649512510662
705.5122732367075
705.4602071443331
705.4087594892547
705.357935079657
705.3077370131405
705.2581666834728
705.209223796298
705.1609063927103
705.1132108797916
705.0661320674101
705.0196632107791
704.9737960584723
704.9285209057515
704.8838266531978
704.8397008707399
704.796129867215
704.7530987656205
704.710591584178
704.6685913232736
704.6270800582367
704.5860390378085
704.5454487880199
704.5052892210501
704.4655397485077
704.426179398433
704.3871869352112
704.3485409814633
704.3102201409162
704.27220312118
704.2344688553354
704.1969966212101
704.1597661572528
704.1227577739414
704.0859524597277
704.0493319805971
704.0128789724307
703.9765770254445
703.9404107601216
703.9043658941682
703.8684293001396
703.8325890535236
703.7968344711635
703.7611561400189
703.7255459363504
703.6899970354912
703.6545039124326
703.6190623334944
703.5836693393813
703.5483232199554
703.5130234810509
703.4777708036687
703.4425669958844
703.4074149378015
703.3723185198785
703.3372825749766
703.3023128044757
703.2674156988359
703.2325984530286
703.197868877277
703.1632353036329
703.1287064889464
703.0942915148714
703.0599996855995
703.0258404240952
702.991823167642
702.9579572635911
702.9242518662079
702.8907158355794
702.8573576395158
702.8241852594116
702.7912061009893
702.7584269108133
702.725853699412
702.6934916717686
702.6613451658609
702.6294175998315
702.5977114282542
702.5662281078672
702.5349680729996
702.5039307208192
702.4731144063926
702.4425164474446
702.4121331385821
702.3819597746584
702.351990682847
702.3222192629288
702.2926380352137
702.2632386954722
702.234012176201
702.2049487135247
702.176037919009
702.1472688556496
702.1186301173108
702.0901099108859
702.0616961404654
702.0333764928206
702.0051385235297
701.9769697430904
701.9488577023953
701.9207900769585
701.8927547493131
701.8647398890165
701.836734029718
701.8087261427697
701.7807057068734
701.7526627732844
701.7245880261061
701.6964728372445
701.6683093156056
701.6400903501648
701.6118096465647
701.5834617569415
701.5550421027348
701.5265469902837
701.4979736190813
701.4693200826144
701.4405853618003
701.4117693111002
701.3828726374672
701.3538968723683
701.3248443371981
701.2957181024724
701.2665219412719
701.2372602774605
701.2079381292749
701.1785610489206
701.1491350588582
701.1196665854964
701.09016239102
701.060629504101
701.0310751502296
701.0015066823985
700.9719315128448
700.9423570465283
700.9127906169791
700.883239425105
700.8537104814976
700.8242105527113
700.7947461119331
700.7653232943989
700.7359478578385
700.706625148173
700.6773600706211
700.6481570663093
700.6190200944142
700.589952619819
700.5609576061997
700.5320375144228
700.5031943060776
700.474429451936
700.4457439451014
700.4171383185653
700.3886126668839
700.3601666716547
700.3317996304627
700.3035104889531
700.2752978756799
700.2471601393735
700.2190953882649
700.1911015311109
700.1631763195519
700.1353173914495
700.1075223148391
700.0797886321517
700.0521139043461
700.024495754608
699.9969319112762
699.9694202496604
699.941958832416
699.9145459481633
699.8871801480383
699.859860279871
699.8325855197149
699.8053554004495
699.7781698372063
699.7510291493916
699.7239340790892
699.6968858056664
699.6698859564257
699.6429366131745
699.6160403146209
699.5892000545398
699.5624192756735
699.5357018593925
699.5090521111489
699.4824747418236
699.4559748450728
699.4295578708447
699.4032295952509
699.3769960870187
699.3508636707826
699.3248388875013
699.2989284523064
699.2731392101239
699.2474780894156
699.2219520544176
699.1965680562587
699.1713329833489
699.1462536114428
699.1213365537777
699.096588211692
699.0720147261156
699.0476219303318
699.0234153043835
698.9993999314929
698.9755804568493
698.9519610490885
698.9285453647826
698.9053365162212
698.8823370427433
698.8595488858575
698.8369733683456
698.8146111775269
698.7924623528123
698.7705262776635
698.7488016760115
698.7272866131807
698.7059785013068
698.6848741092138
698.6639695766755
698.6432604329541
698.6227416194721
698.6024075164445
698.5822519732681
698.5622683424311
698.5424495166906
698.5227879692271
698.5032757964809
698.4839047633428
698.4646663503654
698.4455518026439
698.4265521800146
698.4076584081984
698.3888613305289
698.3701517599002
698.3515205305613
698.3329585494077
698.314456846412
698.296006623857
698.2775993040372
698.259226575117
698.2408804348444
698.2225532318354
698.204237704173
698.1859270150654
698.1676147853569
698.1492951226755
698.1309626470581
698.1126125128892
698.094240427036
698.07584266308
698.0574160715688
698.0389580862529
698.0204667262818
698.0019405943845
697.9833788710655
697.9647813048954
697.9461481989927
697.9274803938249
697.9087792464896
697.8900466066474
697.8712847893319
697.8524965448522
697.8336850260548
697.8148537532143
697.7960065768475
697.7771476387616
697.7582813316527
697.7394122575914
697.7205451857304
697.7016850095748
697.6828367041572
697.664005283458
697.6451957583974
697.6264130957286
697.6076621781377
697.5889477658446
697.5702744599865
697.5516466680356
697.5330685714869
697.5145440960279
697.4960768843705
697.4776702719058
697.459327265309
697.4410505241977
697.4228423459126
697.4047046534727
697.3866389867086
697.3686464965823
697.3507279426349
697.3328836935179
697.3151137305146
697.2974176539446
697.2797946923249
697.2622437141405
697.2447632420611
697.2273514694244
697.2100062787994
697.1927252624243
697.1755057443115
697.1583448038004
697.1412393003416
697.1241858992851
697.1071810984486
697.0902212552435
697.0733026141372
697.0564213342374
697.0395735167855
697.0227552323556
697.0059625475733
696.9891915511565
696.9724383791166
696.9556992389557
696.9389704327064
696.9222483786848
696.9055296318367
696.8888109025621
696.872089073936
696.8553612172415
696.8386246057564
696.8218767267474
696.8051152916341
696.7883382443125
696.7715437676305
696.7547302880229
696.7378964783378
696.7210412588815
696.7041637967361
696.687263503408
696.6703400308753
696.6533932661174
696.636423324213
696.6194305401041
696.6024154591291
696.5853788264418
696.5683215754167
696.5512448151779
696.5341498173623
696.5170380022488
696.4999109243764
696.482770257778
696.4656177809637
696.448455361766
696.43128494218
696.4141085233084
696.3969281505354
696.3797458990233
696.3625638596535
696.3453841254876
696.3282087788516
696.3110398791135
696.29387945123
696.2767294751193
696.2595918759148
696.2424685151364
696.225361182816
696.2082715905931
696.1912013657911
696.174152046477
696.1571250774912
696.1401218074312
696.1231434865605
696.1061912656018
696.0892661953771
696.0723692272384
696.0555012142352
696.0386629129516
696.0218549859543
696.0050780047742
695.9883324533537
695.9716187318879
695.9549371609804
695.9382879860508
695.9216713819123
695.9050874574589
695.8885362603928
695.8720177819339
695.8555319614487
695.8390786909541
695.8226578194445
695.8062691570026
695.7899124786629
695.7735875279924
695.7572940203737
695.7410316459675
695.7248000723516
695.7085989468229
695.6924278983724
695.6762865393315
695.6601744667078
695.6440912632173
695.628036498039
695.6120097273124
695.5960104943983
695.58003832994
695.5640927517452
695.5481732645247
695.5322793595194
695.5164105140462
695.5005661910004
695.4847458383357
695.4689488885703
695.4531747583325
695.4374228479861
695.4216925413618
695.4059832056128
695.3902941912271
695.3746248322153
695.3589744464855
695.3433423364294
695.327727789733
695.3121300804081
695.2965484700721
695.2809822094594
695.265430540178
695.2498926967044
695.234367908604
695.2188554029796
695.2033544071217
695.1878641513541
695.1723838720503
695.1569128148006
695.1414502377022
695.1259954147472
695.1105476392795
695.0951062274809
695.0796705218635
695.064239894722
695.0488137515179
695.0333915341507
695.0179727240867
695.0025568452983
694.9871434669845
694.9717322060338
694.9563227291927
694.9409147549112
694.9255080548332
694.9101024549025
694.8946978360657
694.8792941345447
694.8638913416698
694.8484895032561
694.8330887185159
694.81768913851
694.8022909641342
694.7868944436503
694.7714998697813
694.7561075763741
694.7407179346676
694.7253313491863
694.7099482532929
694.6945691044364
694.6791943791388
694.6638245677644
694.6484601691146
694.6331016849047
694.6177496141728
694.6024044476733
694.5870666623101
694.5717367156675
694.5564150406908
694.5411020405694
694.5257980838812
694.5105035000395
694.4952185751011
694.4799435479683
694.4646786070374
694.4494238873219
694.4341794680869
694.4189453710211
694.4037215589707
694.3885079352473
694.3733043435277
694.3581105683443
694.3429263361717
694.3277513171
694.3125851270863
694.297427330761
694.2822774447748
694.2671349416507
694.2519992541129
694.2368697798511
694.2217458866855
694.2066269180741
694.1915121989265
694.1764010416639
694.161292752472
694.1461866376895
694.1310820102757
694.115978196295
694.1008745413584
694.085770416964
694.0706652266738
694.0555584120726
694.0404494584462
694.02533790013
694.0102233254729
693.9951053813666
693.979983777297
693.9648582888778
693.9497287608228
693.9345951093308
693.9194573238555
693.904315468232
693.8891696811555
693.8740201759872
693.8588672398956
693.8437112323295
693.8285525828251
693.8133917881735
693.7982294089563
693.7830660654803
693.7679024331428
693.7527392372609
693.7375772474127
693.7224172713275
693.7072601483865
693.6921067427811
693.6769579363909
693.6618146214408
693.6466776930047
