269.63960000000014
270.1402000222224
271.0528798716462
272.2418540747131
273.5902804734137
275.0167547546886
276.47385823166695
277.9384255577531
279.4010782099669
280.8586589470623
282.3101067054391
283.7548030430983
285.1921788488554
286.62173558490997
288.04308596809034
289.45592698519016
290.85999514196095
292.2550668855011
293.6410190156437
295.0179123749155
296.3860440085932
297.74593370451345
299.09824995855865
300.44371067738996
301.78299972499383
303.11672514106033
304.44542437302533
305.76960928039705
307.0898368018812
308.4067752299151
309.7212036449066
311.03385407683373
312.3450276743249
313.654020185905
314.9585528671739
316.2545292632045
317.53641488849456
318.7983192716247
320.0355218864837
321.24589760987146
322.4306397991785
323.5939182740981
324.7415513670945
325.8792021824516
327.01081321035025
328.1378710790476
329.25971175047835
330.3746264554327
331.4812196411234
332.5794269519137
333.67081371078825
334.7581189304718
335.8443218383534
336.9316619689643
338.02100283103863
339.11174324847326
340.202248305428
341.29058954491177
342.3753082541039
343.4559515269456
344.5332428669111
345.60888379855214
346.6850916529418
347.76403319871275
348.84731082394717
349.9356135217112
351.0285831556862
352.124888985509
353.2224630920795
354.3188296420997
355.4114588974626
356.49808686959534
357.57695795239096
358.6469664124914
359.70769040551596
360.7593275931327
361.80255368353653
362.83833387696694
363.8677216907809
364.89167908257303
365.91094543187177
366.9259710533351
367.9369155743419
368.94369657116334
369.946063814931
370.9436726167758
371.93613653091404
372.9230522273033
373.90400260091377
374.8785529657245
375.846256395838
376.8066781089067
377.75943840910696
378.70426373733085
379.64102988575206
380.5697823822187
381.49072574540304
382.4041829677842
383.3105355945356
384.21016010845614
385.1033765534441
385.9904208455683
386.87144491483355
387.7465412129472
388.6157824587747
389.47926507469384
390.3371457045088
391.1896636033425
392.0371461287665
392.87999863642807
393.7186828323138
394.5536887249204
395.38550498502036
396.21459132298276
397.0413550571584
397.86613284191554
398.68917777290125
399.5106517827825
400.3306232326009
401.1490696979917
401.96588598248417
402.78089726403107
403.59387696703806
404.40456847989475
405.2127092825962
406.01805552135943
406.8204047003253
407.61961408635284
408.41561273668947
409.2084057804476
409.99807063022337
410.784745985564
411.5686155665776
412.3498892359744
413.12878435819465
413.9055098628055
414.6802546320169
415.45318074390616
416.22442105134894
416.9940798110687
417.76223475023676
418.5289390906963
419.2942225401104
420.05809092138395
420.8205247440385
421.5814774614945
422.34087432284923
423.0986126212515
423.85456383830495
424.60857779572274
425.3604885603144
426.11012158377963
426.8573014280852
427.6018594225925
428.34364068590247
429.08251008013326
429.81835681072727
430.5510975176789
431.28067781552807
432.0070723304843
432.7302833581215
433.45033832728535
434.1672863052635
434.88119381361
435.5921402408259
436.30021313656357
437.0055036535792
437.7081023715093
438.40809569439205
439.1055629648999
439.8005743847996
440.4931897750142
441.18345815193504
441.87141804242225
442.5570984124691
443.24052004866166
443.92169721176657
444.60063938075564
445.2773529234835
445.951842564334
446.62411256415476
447.29416757698795
447.9620131944896
448.6276562265614
449.2911047914664
449.9523682987562
450.6114574040473
451.2683839983808
451.9231612702088
452.57580384951973
453.2263280160002
453.874751930845
454.5210958383455
455.16538218069905
455.8076355777018
456.44788264036566
457.08615161066166
457.72247184422764
458.3568731746306
458.98938521306223
459.620036644071
460.24885457576335
460.87586399312715
461.50108734822203
462.1245443038765
462.7462516310818
463.3662232465527
463.98447036724116
464.60100175316825
465.2158240085001
465.8289419124224
466.44035875519745
467.0500766598368
467.65809687540764
468.2644200335121
468.86904636456694
469.4719758748764
470.07320848900093
470.6727441644532
471.27058298733505
471.86672525816846
472.4611715770039
473.053922935967
473.64498082584885
474.23434736124017
474.8220254261233
475.4080188389213
475.9923325328881
476.57497274470256
477.1559472014678
477.73526529434474
478.312938226066
478.88897911973163
479.46340307763427
480.0362271812527
480.6074704266923
481.1771535933705
481.7452990472186
482.31193048275975
482.8770726108495
483.4407508005799
484.00299068483463
484.56381773943536
485.1232568459574
485.68133184832504
486.23806511342866
486.7934771063539
487.3475859913469
487.90040727032164
488.4519534712938
489.0022338994138
489.5512544629596
490.09901758552314
490.6455222134838
491.19076392467514
491.73473513995316
492.27742543441224
492.8188219396055
493.3589098227602
493.89767282412333
494.43509382974025
494.9711554545064
495.50584060957584
496.03913302918704
496.571017734659
497.1014814174
497.63051272787806
498.15810246316346
498.6842436513066
499.2089315360379
499.73216346965785
500.25393872530424
500.77425824190664
501.2931243161382
501.81054025567136
502.3265100072975
502.8410377722259
503.3541276194168
503.86578310632825
504.3760069151573
504.8848005115905
505.39216383230655
505.8980950069327
506.40259011978435
506.9056430164181
507.4072451596878
507.9073855395175
508.40605063991563
508.90322446580063
509.3988886309457
509.89302250682533
510.38560343035687
510.8766069666027
511.3660072204816
511.8537771896197
512.3398891487323
512.824315054536
513.3070269592671
513.7879974204817
514.2671998950395
514.7446091059634
515.220201372232
515.6939548933727
516.1658499828541
516.6358692466086
517.1039977053516
517.570222861602
518.0345347143013
518.4969257255931
518.9573907456287
519.4159269021588
519.8725334622043
520.3272116732913
520.779964591642
521.2307969043873
521.6797147523669
522.1267255594397
522.5718378734772
523.0150612233706
523.4564059954733
523.8958833319127
524.3335050521812
524.7692835983507
525.2032320032051
525.6353638795671
526.0656934281756
526.4942354606931
526.921005433821
527.3460194901352
527.7692945011219
528.1908481080145
528.6106987563775
529.0288657209297
529.4453691177912
529.8602299021198
530.2734698499295
530.6851115236594
531.0951782218108
531.503693913567
531.9106831598223
532.3161710224
532.7201829634749
533.1227447373386
533.5238822766662
533.9236215754019
534.3219885702788
534.7190090228596
535.1147084038386
535.5091117811778
535.9022437134921
536.2941281499161
536.6847883375045
537.0742467370143
537.4625249476978
537.8496436414997
538.2356225067957
538.6204802015367
539.0042343154104
539.3869013403599
539.768496648587
540.1490344769672
540.5285279166989
540.9069889069234
541.2844282310963
541.6608555149674
542.0362792252008
542.4107066678915
542.7841439865176
543.1565961591592
543.528066995136
543.8985591315125
544.2680740301792
544.6366119764469
545.0041720802444
545.3707522811029
545.7363493581433
546.1009589462273
546.4645755593441
546.8271926221464
547.1888025103428
547.5493966004556
547.9089653291733
548.2674982623109
548.6249841731171
548.9814111294396
549.3367665890426
549.6910375021579
550.0442104201966
550.3962716093959
550.747207168072
551.0970031460749
551.445645665001
551.7931210377196
552.1394158857933
552.4845172534428
552.828412716799
553.1710904873012
553.5125395082518
553.8527495436878
554.1917112589018
554.5294162921092
554.8658573169246
555.2010280954627
555.5349235220096
555.8675396573306
556.1988737537603
556.5289242713047
556.8576908850221
557.1851744839761
557.5113771620886
557.836302201207
558.1599540467273
558.4823382761083
558.8034615606329
559.1233316207956
559.4419571757197
559.7593478870558
560.0755142978443
560.3904677668912
560.7042203992391
561.0167849733685
561.3281748657959
561.6384039737653
561.9474866367353
562.255437557365
562.5622717226781
562.8680043260479
563.1726506906023
563.4762261945764
563.7787461990716
564.0802259786099
564.380680654777
564.6801251331818
564.9785740438713
565.2760416852875
565.5725419717735
565.8680883846046
566.1626939264771
566.4563710793706
566.749131765685
567.0409873125764
567.3319484194097
567.6220251283074
567.9112267977839
568.1995620795216
568.4870388983833
568.7736644358088
569.0594451167889
569.3443866006518
569.6284937759214
569.9117707595361
570.1942209007044
570.4758467896739
570.7566502716505
571.0366324660595
571.3157937912762
571.5941339948681
571.8716521893099
572.1483468930218
572.4242160764791
572.6992572130439
572.973467334053
573.2468430876175
573.5193808004967
573.7910765423487
574.0619261916094
574.3319255022188
574.6010701704092
574.8693559007752
575.1367784708804
575.403333793695
575.6690179772265
575.9338273807742
576.1977586673216
576.4608088516671
576.7229753439829
576.9842559885743
577.2446490977013
577.5041534803976
577.762768466285
578.0204939244541
578.2773302775098
578.5332785109416
578.7883401779875
579.0425174001897
579.2958128638545
579.548229812627
579.7997720363926
580.0504438567264
580.3002501090918
580.5491961219954
580.7972876933014
581.0445310639044
581.2909328889598
581.5365002068799
581.7812404063027
582.025161191252
582.2682705447179
582.5105766908961
582.7520880563342
582.992813230247
583.2327609242677
583.4719399319143
583.7103590880439
583.948027228586
584.1849531508235
584.4211455744979
584.6566131040012
584.8913641919029
585.1254071040463
585.3587498864255
585.5914003340481
585.8233659619459
586.0546539784943
586.2852712611639
586.5152243348161
586.7445193526265
586.9731620797013
587.2011578794314
587.4285117026135
587.6552280793445
587.8813111136833
588.1067644810541
588.3315914283536
588.5557947767079
588.77937692681
589.002339866751
589.2246851822586
589.4464140692162
589.6675273483556
589.8880254819729
590.1079085925271
590.3271764829598
590.5458286585645
590.7638643502315
590.9812825388802
591.1980819808894
591.4142612343343
591.6298186858305
591.8447525777893
592.0590610358939
592.2727420965958
592.485793734452
592.6982138891126
592.9100004917827
593.1211514909911
593.3316648774983
593.5415387081867
593.7507711287942
593.9593603953384
594.1673048941176
594.3746031601522
594.581253893976
594.7872559766606
594.9926084830017
595.1973106927855
595.401362100078
595.604762420493
595.8075115964107
596.009609800129
596.2110574349588
596.4118551342774
596.6120037585827
596.8115043906049
597.0103583285473
597.2085670775455
597.4061323394519
597.603056001066
597.799340120938
597.9949869148945
598.1899987404367
598.3843780801727
598.5781275244497
598.7712497533596
598.9637475182886
599.1556236231864
599.3468809057275
599.5375222185411
599.7275504106727
599.916968309447
600.1057787028897
600.2939843228655
600.4815878290793
600.6685917940833
600.8549986894192
601.0408108730297
601.2260305780441
601.4106599030475
601.5947008039321
601.7781550873999
601.9610244061931
602.1433102561014
602.3250139747767
602.5061367423822
602.6866795840693
602.8666433742645
603.0460288427308
603.2248365823432
603.4030670585013
603.580720620081
603.7577975118161
603.9342978879678
604.1102218271425
604.2855693480939
604.4603404263312
604.6345350113545
604.8081530443272
604.9811944759831
605.1536592845781
605.3255474936865
605.496859189644
605.6675945384568
605.8377538019882
606.0073373532578
606.1763456906884
606.3447794511641
606.5126394217557
606.6799265500141
606.8466419527211
607.0127869230222
607.1783629358825
607.3433716518143
607.5078149188528
607.6716947727738
607.8350134355536
607.9977733121082
608.1599769853348
608.3216272095297
608.482726902237
608.6432791346206
608.8032871204434
608.9627542037699
609.1216838454937
609.2800796088211
609.4379451438343
609.5952841712696
609.7521004656467
609.908397837895
610.0641801176114
610.2194511351013
610.3742147033385
610.528474599987
610.6822345496258
610.835498206303
610.9882691365592
611.140550803037
611.2923465487976
611.4436595824635
611.5944929642809
611.7448495932119
611.8947321951414
612.0441433122825
612.1930852938547
612.3415602881063
612.4895702357247
612.6371168647023
612.7842016866778
612.9308259947968
613.0769908631022
613.2226971474688
613.3679454880811
613.5127363134418
613.6570698458934
613.8009461086164
613.944364934068
614.0873259738013
614.2298287096112
614.3718724659233
614.513456423351
614.6545796333244
614.7952410336887
614.9354394651635
615.0751736885456
615.2144424025288
615.3532442620105
615.4915778967517
615.6294419302474
615.76683499867
615.9037557697352
616.0402029613522
616.1761753599138
616.3116718380811
616.4466913719338
616.5812330573424
616.715296125445
616.8488799571033
616.9819840962284
617.1146082618727
617.2467523589991
617.3784164878418
617.5096009517949
617.6403062637684
617.7705331509721
617.9002825580961
618.0295556488721
618.1583538060142
618.2866786295538
618.4145319335893
618.5419157414966
618.668832279647
618.7952839697009
618.9212734195484
619.046803412992
619.1718768982561
619.2964969754368
619.4206668829985
619.5443899834372
619.6676697482319
619.790509742209
619.9129136074503
620.0348850468677
620.1564278075824
620.2775456642235
620.3982424022818
620.518521801629
620.6383876203324
620.7578435788577
620.8768933447826
620.9955405181108
621.1137886172776
621.2316410659356
621.3491011805953
621.4661721591852
621.5828570705987
621.6991588452738
621.8150802668525
621.9306239649569
622.0457924091038
622.1605879037843
622.2750125847152
622.3890684162682
622.5027571900696
622.6160805247656
622.7290398669267
622.8416364930719
622.9538715127761
623.0657458728246
623.1772603623673
623.288415619024
623.3992121358804
623.509650269316
623.6197302475966
623.7294521801573
623.8388160675061
623.947821811662
624.0564692270532
624.164758051787
624.2726879592046
624.380258569638
624.4874694622763
624.5943201870559
624.7008102764883
624.8069392573369
624.912706662062
625.018112039952
625.1231549678607
625.2278350604824
625.3321519800894
625.4361054456731
625.5396952414281
625.6429212245268
625.7457833321416
625.8482815876731
625.9504161061568
626.0521870988204
626.1535948767818
626.2546398538716
626.355322548589
626.4556435851911
626.5556036939317
626.6552037104766
626.7544445745152
626.8533273276132
626.9518531103382
627.0500231587122
627.1478388000378
627.2453014481536
627.3424125981799
627.4391738208129
627.5355867562317
627.6316531076844
627.7273746348136
627.8227531467919
627.9177904953236
628.0124885675835
628.1068492791433
628.2008745669497
628.2945663824065
628.3879266846062
628.4809574337663
628.5736605849049
628.666038081795
628.7580918512355
628.8498237976586
628.9412357981075
629.0323296975964
629.123107304872
629.2135703885837
629.3037206738759
629.3935598393977
629.4830895147344
629.5723112782576
629.6612266553835
629.7498371172313
629.8381440796755
629.926148902771
630.0138528905364
630.1012572910847
630.1883632970741
630.2751720464676
630.3616846235732
630.4479020603495
630.5338253379509
630.6194553884907
630.7047930970018
630.7898393035673
630.874594805604
630.9590603602688
631.0432366869709
631.1271244699652
631.2107243610014
631.294036982013
631.3770629278183
631.4598027688176
631.542257053665
631.6244263118955
631.7063110564894
631.7879117863603
631.8692289887475
631.9502631415027
632.0310147152574
632.111484175461
632.1916719842817
632.2715786023643
632.3512044904394
632.4305501107807
632.5096159285167
632.5884024127861
632.6669100377537
632.7451392834839
632.8230906366812
632.9007645913061
632.9781616490787
633.0552823198775
633.1321271220472
633.2086965826312
633.284991237537
633.3610116316518
633.4367583189205
633.5122318623991
633.587432834298
633.6623618160231
633.7370193982289
633.8114061808917
633.8855227734109
633.959369794745
634.032947873587
634.1062576485795
634.1792997685797
634.2520748929595
634.3245836919513
634.3968268470281
634.4688050513139
634.5405190100172
634.6119694408809
634.6831570746363
634.7540826554479
634.8247469413498
634.8951507046447
634.965294732268
635.0351798260963
635.1048068031926
635.1741764959763
635.2432897523059
635.3121474354656
635.3807504240475
635.4490996117204
635.5171959068809
635.5850402321805
635.6526335239251
635.7199767313458
635.7870708157434
635.853916749501
635.9205155149759
635.9868681032699
636.0529755128844
636.1188387482724
636.1844588182872
636.2498367345482
636.3149735097238
636.3798701557537
636.4445276820151
636.5089470934506
636.5731293886691
636.6370755580372
636.7007865817735
636.7642634280601
636.8275070511891
636.8905183897568
636.9532983649218
637.0158478787397
637.0781678125917
637.14025902572
637.2021223538794
637.2637586081263
637.3251685737484
637.3863530093521
637.4473126461154
637.5080481872174
637.568560307451
637.6288496530266
637.688916841574
637.7487624623459
637.8083870766235
637.8677912183333
637.9269753948656
637.9859400881007
638.044685755636
638.1032128322072
638.1615217313023
638.2196128469529
638.2774865556972
638.3351432186997
638.3925831840146
638.4498067889775
638.5068143627054
638.5636062286908
638.6201827074642
638.6765441193091
638.7326907870015
638.7886230385564
638.8443412099527
638.8998456478163
638.9551367120324
639.0102147782687
639.0650802403817
639.119733512683
639.1741750320466
639.228405259833
639.2824246836119
639.3362338186656
639.389833209257
639.4432234296482
639.4964050848571
639.5493788111432
639.602145276217
639.6547051791653
639.707059250094
639.7592082494864
639.8111529672839
639.8628942216918
639.9144328577206
639.9657697454741
640.016905778198
640.0678418701036
640.1185789539865
640.1691179786566
640.2194599062054
640.2696057091296
640.3195563673368
640.3693128650589
640.4188761876975
640.4682473186309
640.5174272360048
640.5664169095382
640.61521729737
640.66382934297
640.7122539721446
640.7604920901581
640.8085445789976
640.8564122947989
640.9040960654634
640.9515966884746
640.9989149289454
641.0460515179004
641.0930071508178
641.1397824864356
641.1863781458412
641.2327947118424
641.2790327286352
641.3250927017659
641.3709750983924
641.4166803478414
641.4622088424608
641.5075609387586
641.552736958822
641.5977371920069
641.642561896884
641.6872113034283
641.7316856154323
641.7759850131304
641.8201096560057
641.8640596857672
641.9078352294624
641.9514364027119
641.994863313031
642.0381160632176
642.0811947547758
642.1240994913471
642.1668303821233
