1123.3136000000009
1123.0152683688896
1122.6786239294377
1122.3363875304058
1122.0073533103755
1121.6963325740292
1121.400495614237
1121.1146625242443
1120.8342081870262
1120.5560039530696
1120.2782976780459
1120.000253117647
1119.721526573666
1119.441995000872
1119.1616187872346
1118.880386222299
1118.5982955910938
1118.3153504899856
1118.0315587192388
1117.7469321797048
1117.4614872479801
1117.1752452492567
1116.888232614059
1116.6004805154423
1116.3120240349406
1116.0229008107647
1115.733148371546
1115.4427983692601
1115.1518665481265
1114.8603419927742
1114.5681879290623
1114.2753734581318
1113.9819513370678
1113.6881749905099
1113.3946142918262
1113.1022039001557
1112.8121630001092
1112.5257704569208
1112.2440491570026
1111.9674719908444
1111.6958135002508
1111.4282219930394
1111.1634963153992
1110.9004628886798
1110.6383059922648
1110.376728194735
1110.1158952207875
1109.8562119216397
1109.598040512231
1109.3414828733412
1109.0863069457273
1108.8320277555367
1108.5780896773008
1108.32406376824
1108.069780505186
1107.8153545200062
1107.5611044077798
1107.3074078969191
1107.054548904325
1106.802606927449
1106.55141779178
1106.300608503571
1106.049687295823
1105.7981583540468
1105.5456299904058
1105.291892518427
1105.036953517752
1104.781029589841
1104.524502497286
1104.2678527564965
1104.0115854535889
1103.7561618862692
1103.5019472896508
1103.2491801640253
1102.9979636387873
1102.748275146287
1102.49998849355
1102.2529024876571
1102.0067718814294
1101.7613382411075
1101.5163592594743
1101.2716347629344
1101.027026854701
1100.7824713758214
1100.5379788628395
1100.2936252950926
1100.0495352656258
1099.8058617055133
1099.562766317162
1099.3204035576796
1099.0789091010993
1098.8383921119373
1098.5989300041767
1098.360564717299
1098.1233004930925
1097.887104034517
1097.6519082294772
1097.4176201293617
1097.184132775972
1096.9513392258716
1096.7191462332773
1096.4874848747968
1096.2563160144066
1096.025629717823
1095.795439143949
1095.56577063645
1095.3366523857708
1095.1081040101508
1094.8801288125937
1094.6527095676092
1094.425807787099
1094.1993657622363
1093.9733104010595
1093.7475579567636
1093.5220190359062
1093.2966036122752
1093.0712260006835
1092.845809789082
1092.6202925988657
1092.3946303250962
1092.1688003161055
1091.9428028896523
1091.71666070539
1091.4904158090758
1091.264124559712
1091.0378510398539
1090.811659828151
1090.5856091149385
1090.359745053009
1090.1340979933657
1089.908680927582
1089.6834901184259
1089.458507608763
1089.2337050918727
1089.0090485173487
1088.784502792392
1088.5600360056708
1088.3356227325928
1088.1112461556038
1087.8868989262335
1087.662582879065
1087.438307853896
1087.214089968906
1086.989949703743
1086.7659101010836
1086.54199529681
1086.3182294704716
1086.0946361991512
1085.8712381226921
1085.6480567978824
1085.4251126307038
1085.2024248149412
1084.9800112523874
1084.757888466064
1084.5360715318993
1084.31457404447
1084.0934081063353
1083.872584301245
1083.6521115932223
1083.4319970960878
1083.2122456845254
1082.9928594631901
1082.7738371632456
1082.5551735813365
1082.336859200495
1082.1188801267672
1081.9012184374924
1081.6838529733786
1081.4667605294621
1081.2499173259628
1081.033300584773
1080.8168900124801
1080.6006690013423
1080.384625402835
1080.1687517950365
1079.9530452418694
1079.7375066148516
1079.522139604218
1079.3069495781497
1079.0919424535925
1078.8771237219648
1078.6624977341385
1078.44806729967
1078.2338336041937
1078.0197964039605
1077.8059544233422
1077.5923058629023
1077.3788489227607
1077.1655822565954
1076.952505292309
1076.7396183816727
1076.5269227687781
1076.3144203920217
1076.1021135538122
1075.89000450486
1075.678094995463
1075.4663858454594
1075.2548765787649
1075.0435651592154
1074.8324478530826
1074.6215192313407
1074.4107723122022
1074.200198832361
1073.9897896242517
1073.7795350672777
1073.5694255740661
1073.35945206931
1073.1496064192227
1072.939881774418
1072.7302727978358
1072.5207757612552
1072.3113885076893
1072.1021102906643
1071.8929415134303
1071.6838833999518
1071.4749376341294
1071.2661060037306
1071.0573900813074
1070.8487909668058
1070.6403091068585
1070.4319441953962
1070.223695150457
1070.0155601541524
1069.8075367373337
1069.5996218880075
1069.3918121629306
1069.1841037846636
1068.9764927111319
1068.768974670594
1068.5615451611434
1068.3541994196105
1068.1469323694644
1067.9397385604502
1067.7326121140504
1067.5255466882884
1067.3185354730933
1067.1115712236729
1066.9046463346294
1066.6977529524934
1066.4908831194898
1066.284028937448
1066.0771827381702
1065.8703372457658
1065.663485717463
1065.4566220521526
1065.2497408600173
1065.0428374914761
1064.8359080286784
1064.6289492471658
1064.421958558479
1064.2149339459972
1064.007873905934
1063.80077740329
1063.593643849067
1063.3864731006836
1063.1792654830842
1062.9720218240755
1062.7647434946662
1062.5574324438944
1062.350091218029
1062.142722955956
1061.9353313556644
1061.727920610551
1061.520495318164
1061.313060367447
1061.105620813153
1060.8981817474823
1060.6907481791516
1060.483324929084
1060.2759165499135
1060.0685272738963
1059.8611609909524
1059.653821255784
1059.4465113206143
1059.239234188277
1059.0319926792836
1058.8247895061152
1058.6176273482417
1058.4105089222369
1058.2034370425463
1057.9964146699579
1057.789444946329
1057.5825312155937
1057.3756770323089
1057.1688861599584
1056.9621625618267
1056.755510387462
1056.5489339575984
1056.3424377498823
1056.1360263870272
1055.9297046280747
1055.723477362477
1055.5173496058383
1055.311326495425
1055.1054132831243
1054.8996153234325
1054.6939380543
1054.488386969221
1054.2829675798027
1054.0776853690231
1053.872545736417
1053.6675539373873
1053.4627150195981
1053.258033759875
1053.0535146052262
1052.8491616213912
1052.6449784518543
1052.4409682895036
1052.2371338622213
1052.0334774326948
1051.830000811794
1051.6267053840093
1051.4235921427776
1051.220661733096
1051.0179144986212
1050.8153505304833
1050.6129697152946
1050.4107717802272
1050.2087563335147
1050.0069228992686
1049.805270946014
1049.6037999087794
1049.4025092049226
1049.2013982441167
1049.0004664330313
1048.7997131752668
1048.5991378670578
1048.398739889182
1048.1985185954031
1047.9984732977362
1047.7986032487902
1047.5989076214994
1047.399385486646
1047.2000357887418
1047.0008573210068
1046.801848700372
1046.603008343582
1046.4043344455754
1046.2058249613592
1046.0074775925098
1045.8092897793108
1045.6112586992901
1045.4133812726354
1045.2156541746351
1045.0180738549404
1044.820636563132
1044.6233383797646
1044.4261752518623
1044.2291430316566
1044.032237517309
1043.8354544943343
1043.638789776532
1043.442239245337
1043.2457988866745
1043.0494648245776
1042.8532333510445
1042.6571009517675
1042.461064327572
1042.265120411549
1042.0692663819952
1041.8734996713831
1041.6778179716748
1041.482219236347
1041.2867016795403
1041.0912637727852
1040.8959042397557
1040.7006220495223
1040.5054164087494
1040.3102867532837
1040.1152327395355
1039.9202542360076
1039.725351315286
1039.5305242467127
1039.3357734898966
1039.1410996891136
1038.9465036685417
1038.7519864281928
1038.5575491402792
1038.3631931456937
1038.1689199501918
1037.9747312198538
1037.7806287753613
1037.5866145846796
1037.3926907537825
1037.198859515153
1037.0051232139083
1036.8114842915495
1036.6179452674617
1036.4245087184547
1036.2311772567502
1036.0379535069276
1035.8448400824232
1035.6518395621924
1035.4589544681673
1035.2661872440656
1035.0735402360535
1034.8810156756488
1034.6886156651233
1034.4963421655382
1034.3041969874082
1034.1121817838712
1033.9202980461446
1033.7285471009593
1033.5369301096252
1033.345448068357
1033.1541018094838
1032.9628920032196
1032.7718191596953
1032.5808836310332
1032.3900856133062
1032.199425148298
1032.0089021250474
1031.8185162812283
1031.628267204454
1031.438154333647
1031.2481769606345
1031.05833423215
1030.8686251524161
1030.6790485864917
1030.489603264538
1030.300287787153
1030.1111006318827
1029.922040161008
1029.7331046306533
1029.5442922012405
1029.3556009492709
1029.1670288803734
1028.9785739435242
1028.7902340462895
1028.6020070709171
1028.4138908910518
1028.225883388828
1028.037982472065
1027.8501860912695
1027.662492256148
1027.4748990513483
1027.287404651143
1027.1000073328173
1026.9127054885528
1026.7254976356428
1026.538382424931
1026.3513586474119
1026.164425238982
1025.9775812833857
1025.790826013432
1025.604158810601
1025.4175792031626
1025.2310868629797
1025.04468160113
1024.8583633625085
1024.6721322195558
1024.4859883652268
1024.2999321053228
1024.1139638502755
1023.9280841064549
1023.7422934670757
1023.5565926027526
1023.3709822517592
1023.1854632100356
1023.0000363210161
1022.814702465319
1022.6294625503829
1022.4443175001222
1022.259268244682
1022.0743157103846
1021.8894608099544
1021.704704433108
1021.5200474375885
1021.3354906407155
1021.1510348115119
1020.9666806634458
1020.7824288478265
1020.5982799478618
1020.4142344733852
1020.2302928562427
1020.046455446319
1019.8627225081816
1019.6790942183194
1019.4955706629444
1019.3121518363354
1019.1288376397063
1018.945627880583
1018.762522272683
1018.5795204362977
1018.3966218991851
1018.2138260979783
1018.0311323801309
1017.8485400064114
1017.6660481539623
1017.4836559199362
1017.3013623257234
1017.1191663217686
1016.9370667929704
1016.7550625646597
1016.5731524091215
1016.3913350526296
1016.2096091829508
1016.0279734572517
1015.8464265103521
1015.6649669632293
1015.4835934317034
1015.3023045351933
1015.1210989054596
1014.9399751952194
1014.7589320865443
1014.5779682989402
1014.3970825970181
1014.2162737976776
1014.0355407767289
1013.8548824749017
1013.6742979031893
1013.493786147502
1013.3133463726189
1013.132977825422
1012.9526798374401
1012.7724518267048
1012.5922932989635
1012.4122038482641
1012.2321831569709
1012.0522309952347
1011.8723472199636
1011.6925317733372
1011.5127846808937
1011.3331060492279
1011.1534960633343
1010.9739549836177
1010.7944831426078
1010.6150809413929
1010.4357488458077
1010.2564873823983
1010.0772971341852
1009.8981787362629
1009.719132871257
1009.5401602646692
1009.3612616801524
1009.1824379147339
1009.0036897940287
1008.8250181674713
1008.6464239035984
1008.4679078854065
1008.2894710058134
1008.1111141632481
1007.9328382573826
1007.7546441850267
1007.5765328362008
1007.3985050903904
1007.2205618129994
1007.0427038520024
1006.8649320348039
1006.6872471653098
1006.5096500212152
1006.332141351512
1006.1547218742236
1005.9773922743713
1005.8001532021797
1005.623005271525
1005.4459490586403
1005.2689851010767
1005.0921138969343
1004.9153359043692
1004.738651541371
1004.562061185834
1004.3855651759005
1004.2091638105951
1004.0328573507278
1003.8566460200745
1003.6805300068077
1003.5045094651794
1003.3285845174175
1003.152755255838
1002.9770217451229
1002.8013840247575
1002.6258421115801
1002.4503960024256
1002.2750456768174
1002.0997910996809
1001.9246322240454
1001.7495689936941
1001.5746013457338
1001.3997292130576
1001.2249525266607
1001.0502712177974
1000.8756852199439
1000.701194470553
1000.526798912587
1000.3524984958018
1000.1782931777883
1000.0041829247506
999.8301677120236
999.656247524321
999.4824223557264
999.3086922094135
999.1350570971184
998.9615170383595
998.7880720594242
998.6147221921257
998.4414674723519
998.2683079384236
998.095243629273
997.9222745824724
997.7494008321296
997.5766224066773
997.4039393265807
997.2313516019952
997.0588592303909
996.8864621941865
996.7141604584114
996.5419539684283
996.3698426477465
996.1978263959495
996.0259050867666
995.8540785663138
995.6823466515236
995.5107091287931
995.3391657528616
995.1677162459399
994.9963602971095
994.825097561993
994.653927662724
994.4828501882043
994.311864694667
994.1409707065465
993.9701677176434
993.7994551925983
993.6288325686522
993.4582992576956
993.287854648586
993.1174981097249
992.9472289918737
992.7770466311865
992.60695035244
992.4369394724341
992.2670133035338
992.0971711573253
991.9274123483531
991.7577361979111
991.588142037845
991.4186292143484
991.2491970917008
991.0798450559348
990.910572518384
990.7413789190949
990.5722637300678
990.4032264583024
990.2342666486269
990.0653838862887
989.896577799287
989.7278480604368
989.5591943891504
989.3906165529263
989.2221143685426
989.0536877029475
988.8853364738549
988.7170606500312
988.548860251293
988.3807353482124
988.2126860615338
988.0447125613179
987.8768150658136
987.7089938400725
987.5412491943099
987.3735814820278
987.2059910979042
987.0384784754639
986.8710440845385
986.703688428523
986.5364120414498
986.3692154848761
986.2020993446141
986.0350642273025
985.8681107568392
985.7012395706921
985.5344513160983
985.367746646172
985.2011262159455
985.0345906783496
984.8681406801717
984.7017768580049
984.5354998342167
984.3693102129607
984.2032085762625
984.0371954802062
983.8712714512487
983.7054369826926
983.5396925313495
983.3740385144122
983.2084753065768
983.0430032374318
982.8776225891415
982.7123335944473
982.5471364350076
982.3820312400893
982.2170180856366
982.0520969937103
981.8872679323214
981.7225308156587
981.5578855047013
981.3933318082221
981.2288694841699
981.0644982414148
980.9002177418494
980.7360276028138
980.5719273998327
980.4079166696313
980.2439949134033
980.0801616003009
979.916416171112
979.7527580420897
979.5891866089017
979.4257012506605
979.2623013339995
979.0989862171629
978.9357552540662
978.7726077983075
978.6095432070846
978.4465608449992
978.283660087715
978.1208403254476
977.9581009662635
977.7954414391711
977.6328611969861
977.470359718957
977.3079365131451
977.1455911185444
976.9833231069442
976.8211320845255
976.6590176931941
976.496979611653
976.335017556216
976.1731312813665
976.011320580072
975.8495852838595
975.6879252626583
975.5263404244243
975.3648307145517
975.2033961150812
975.0420366437231
974.8807523526907
974.7195433273732
974.5584096848402
974.397351572204
974.236369164838
974.0754626644723
973.9146322971669
973.7538783111817
973.5932009747528
973.432600573783
973.2720774094616
973.1116317958248
972.9512640572722
972.7909745260471
972.6307635397008
972.4706314385509
972.310578563153
972.1506052517943
971.9907118380344
971.8308986482988
971.6711659995503
971.5115141970498
971.3519435322202
971.1924542806369
971.0330467001493
970.8737210291547
970.7144774850352
970.5553162627682
970.3962375337226
970.2372414446473
970.0783281168615
969.9194976456483
969.7607500998573
969.6020855217171
969.4435039268541
969.285005304518
969.126589618002
968.9682568052617
968.8100067797085
968.651839431181
968.4937546270702
968.3357522135918
968.1778320171874
968.0199938460365
967.8622374916666
967.704562730641
967.5469693263054
967.3894570305798
967.2320255857741
967.0746747264137
966.9174041810548
966.7602136740787
966.6031029274493
966.4460716624174
966.289119601166
966.132246468382
965.9754519927452
965.8187359083308
965.6620979559157
965.5055378841857
965.3490554508402
965.1926504235923
965.0363225810631
964.8800717135712
964.7238976238151
964.5678001274587
964.4117790536097
964.2558342452071
964.0999655593108
963.9441728673025
963.7884560549998
963.6328150226885
963.4772496850748
963.3217599711618
963.1663458240598
963.0110072007185
962.8557440716065
962.7005564203196
962.5454442431376
962.390407548522
962.2354463565642
962.0805606983829
961.9257506154781
961.7710161590388
961.6163573892155
961.4617743743531
961.3072671901975
961.152835919067
960.998480649009
960.8442014729281
960.6899984877116
960.5358717933372
960.3818214919806
960.2278476871288
960.0739504826959
959.920129982157
959.7663862876977
959.6127194993951
959.4591297144208
959.3056170262889
959.1521815241359
958.9988232920535
958.8455424084663
958.6923389455609
958.5392129687759
958.3861645363448
958.2331936988975
958.0803004991276
957.9274849715138
957.7747471421056
957.6220870283647
957.4695046390666
957.3169999742532
957.164573025243
957.0122237746855
956.8599521966648
956.7077582568439
956.5556419126495
956.4036031134873
956.251641800994
956.0997579093099
955.9479513653819
955.7962220892805
955.6445699945374
955.4929949884972
955.3414969726782
955.190075843149
955.0387314909042
954.8874638022561
954.7362726592255
954.5851579399412
954.4341195190427
954.2831572680877
954.1322710559622
953.9814607492983
953.8307262128936
953.6800673101371
953.5294839034383
953.3789758546612
953.2285430255638
953.07818527824
952.9279024755647
952.777694481642
952.6275611622539
952.4775023853074
952.3275180212801
952.1776079436603
952.0277720293806
951.8780101592416
951.7283222183239
951.5787080963822
951.4291676882242
951.2797008940646
951.1303076198587
950.9809877776071
950.8317412856246
950.6825680687891
950.5334680587406
950.3844411940523
950.2354874203626
950.0866066904597
949.9377989643327
949.7890642091736
949.6404023993407
949.4918135162784
949.3432975483939
949.1948544908907
949.0464843455666
948.8981871205647
948.7499628300961
948.6018114941188
948.4537331379868
948.3057277920674
948.1577954913308
948.0099362749088
947.8621501856356
947.7144372695645
947.5667975754637
947.4192311543038
947.2717380587227
947.1243183424884
946.9769720599506
946.8296992654886
946.6825000129558
946.535374355126
946.3883223431441
946.2413440259803
946.0944394498968
945.9476086579209
945.8008516893386
945.6541685792014
945.5075593578545
945.3610240504887
945.2145626767159
945.068175250177
944.9218617781805
944.7756222613722
944.629456693448
944.4833650609036
944.3373473428272
944.1914035107375
944.0455335284704
943.8997373521137
943.7540149299924
943.6083662027085
943.46279110323
943.3172895570395
943.1718614823311
943.026506790264
942.8812253852681
942.7360171653994
942.5908820227485
942.4458198438919
942.3008305103907
942.1559138993282
942.0110698838866
941.8662983339551
941.7215991167662
941.5769720975572
941.4324171402485
941.2879341081346
941.1435228645837
940.9991832737368
940.8549152012051
940.710718514755
940.566593084979
940.4225387859444
940.2785554958172
940.1346430974522
939.9908014789494
939.847030534166
939.7033301631884
939.5597002727509
939.4161407766061
939.2726515958404
939.1292326591323
938.9858839029506
938.8426052716982
938.6993967177893
938.5562582016704
938.413189691779
938.2701911644427
938.127262603719
937.9844040011797
937.8416153556379
937.698896672823
937.5562479650056
937.4136692505743
937.2711605535696
937.1287219031763
936.9863533331786
936.8440548813867
936.7018265890284
936.5596685001228
936.4175806608326
936.2755631188027
936.1336159224861
935.9917391204693
935.8499327607974
935.7081968903004
935.5665315539344
935.424936794136
935.2834126501975
