269.6396000000002
269.6779690222224
269.7533776939992
269.8450586942502
269.9451836229317
270.05048228463716
270.15971364100875
270.27240387463746
270.38829335547564
270.50713254370885
270.6286638641628
270.7526320558736
270.8787923650905
271.00691600051454
271.136795542037
271.26824756275266
271.40111177839486
271.53524818005315
271.67053386681954
271.80686031953087
271.9441311714605
272.082260360872
272.2211706000372
272.3607921284821
272.50106171629864
272.64192196116795
272.7833212368493
272.9252150905516
273.0675696958775
273.2103660459239
273.35359984831655
273.4972689047577
273.64134128773486
273.785706612368
273.93012672134046
274.0742129799073
274.21745557940295
274.3593119455274
274.49933297306075
274.6372819757018
274.7731965434438
274.90736327449537
275.04021154722085
275.17216758819825
275.3035266567612
275.4343913555166
275.56469344356145
275.6942804393076
275.8230235067108
275.95089948731993
276.07801657370834
276.2045802193196
276.33082052573667
276.4569147456823
276.5829357115398
276.7088427431193
276.8345135205602
276.9598010523866
277.0845937062562
277.20885874611434
277.3326581920543
277.45613599253744
277.57948383568277
277.7028973556219
277.82653472456457
277.95048670669996
278.0747628252146
278.1992939085397
278.32394797088824
278.4485545423961
278.5729320805617
278.69691359265744
278.8203666900044
278.9432057102375
279.0653951212595
279.18694500511845
279.3079007767065
279.4283301221906
279.54831020564865
279.66791746050257
279.78722100807164
279.9062793912822
280.02513935943114
280.143835185862
280.2623874398702
280.380800990274
280.4990628850661
280.6171412720032
280.73498651926224
280.85253519859543
280.96971680680133
281.08646229701515
281.20271291826856
281.31842768023927
281.43358801190254
281.5481987917542
281.6622857248297
281.77588981408655
281.88906022260943
282.0018470234335
282.11429516759347
282.2264405544934
282.33830851507344
282.4499144821398
282.56126624824356
282.6723670542603
282.78321879464244
282.8938248020751
283.00419190196806
283.1143316352612
283.2242606951364
283.3340007000724
283.4435774464704
283.55301977358374
283.66235815496475
283.7716231187181
283.88084359809636
283.9900453216824
284.09924936259586
284.20847097241335
284.3177188218249
284.4269947511039
284.5362940952548
284.6456065906525
284.75491779717953
284.86421089374676
284.97346864151507
285.082675274088
285.1918180783496
285.3008884756096
285.40988249239126
285.51880060767843
285.6276470588413
285.7364287630506
285.8451540514748
285.9538314149475
286.0624684259217
286.17107094343703
286.2796426405318
286.38818483214834
286.4966965377036
286.60517469199414
286.7136144204986
286.8220093148183
286.93035167242846
287.0386326933407
287.14684264790213
287.2549710411513
287.36300679966064
287.4709384989589
287.5787546371717
287.6864439473427
287.7939957301537
287.9014001824035
288.00864869533416
288.11573410041177
288.2226508473945
288.32939510890895
288.4359648154566
288.54235963284646
288.6485808988019
288.75463153577664
288.86051595270163
288.9662399404983
289.0718105568788
289.1772359879742
289.282525370379
289.3876885589755
289.4927358336443
289.59767755013104
289.70252375407296
289.80728378903655
289.9119659362856
290.016577124026
290.12112273682163
290.2256065431706
290.33003074349097
290.43439612506404
290.53870229767176
290.64294797574206
290.74713127066406
290.8512499603252
290.95530171068265
291.05928423464627
291.16319538479166
291.26703318670496
291.37079582766245
291.47448161997244
291.57808895932277
291.6816162961059
291.78506213263756
291.8884250525283
291.9917037814214
292.0948972720945
292.1980048024735
292.3010260729996
292.4039612901018
292.50681122491517
292.609577240153
292.71226128236714
292.8148658409039
292.91739387809844
293.0198487373103
293.1222340362977
293.22455355333693
293.3268111127838
293.429010475774
293.5311552407389
293.6332487575242
293.7352940581327
293.83729380641137
293.9392502682457
294.04116530294135
294.14304037542365
294.24487658773694
294.34667472718587
294.44843532745915
294.5501587383786
294.6518451996103
294.75349491379984
294.8551081151576
294.9566851303978
295.05822643004245
295.159732669238
295.2612047183028
295.36264368404505
295.4640509234304
295.5654280513643
295.6667769442225
295.7680997403636
295.8693988382871
295.970676892455
296.07193680619906
296.1731817206651
296.27441499848953
296.37564020088814
296.47686105708783
296.57808142550795
296.6793052467642
296.78053648933286
296.8817790895038
296.98303688795056
297.08431356577825
297.1856125831873
297.2869371238663
297.388290047888
297.4896738552431
297.5910906612905
297.6925421844111
297.7940297451659
297.89555427538556
297.9971163349874
298.09871613398536
298.20035355717334
298.30202818930104
298.403739339139
298.5054860615683
298.6072671775724
298.7090812926744
298.81092681480936
298.9128019728272
299.014704836748
299.1166333405776
299.21858530799415
299.32055848064124
299.42255054818173
299.52455917879126
299.62658204845377
299.7286168673027
299.83066140134986
299.9327134882245
300.0347710459751
300.1368320745044
300.23889464975474
300.3409569112765
300.4430170442485
300.5450732573509
300.64712375808375
300.7491667271939
300.8512002938175
300.9532225127832
301.0552313452853
301.1572246438473
301.25920014218065
301.3611554502257
301.46308805437315
301.56499532260153
301.66687451406455
301.76872279250983
301.8705372428274
301.9723148899942
302.0740527197082
302.1757477000694
302.27739680375817
302.3789970302695
302.4805454278603
302.5820391149583
302.68347530084003
302.78485130541077
302.886164577926
302.9874127144561
303.08859347385663
303.1897047919523
303.2907447936008
303.3917118022754
303.49260434681526
303.59342116503166
303.694161203937
303.79482361647814
303.89540775479657
303.9959131601948
304.0963395501445
304.19668680282626
304.29695493980745
304.39714410755863
304.49725455855173
304.5972866326789
304.69724073969087
304.7971173432544
304.8969169471185
304.99664008372855
305.0962873054775
305.19585917863844
305.2953562798798
305.39477919516054
305.49412852071225
305.59340486576497
305.6926088566513
305.79174114192176
305.8908023981339
305.98979333600926
306.0887147066955
306.1875673079131
306.2863519898004
306.3850696602945
306.48372128990667
306.5823079157494
306.6808306446818
306.7792906554358
306.8776891995836
306.976027601223
307.07430725526655
307.17252962425505
307.2706962336479
307.36880866559466
307.4668685512402
307.56487756167445
307.66283739768267
307.7607497785029
307.8586164298288
307.95643907132256
308.0542194039061
308.15195909710644
308.2496597767069
308.34732301293684
308.4449503093982
308.5425430928938
308.6401027042791
308.7376303904246
308.83512729733985
308.932594464473
309.0300328201784
309.1274431783182
309.22482623594317
309.32218257199054
309.4195126469224
309.5168168032224
309.61409526666785
309.7113481482935
309.8085754469621
309.90577705246443
310.00295274907415
310.1001022194924
310.1972250491222
310.294320730631
310.3913886687582
310.48842818535206
310.58543852462157
310.68241885860687
310.7793682928794
310.8762858724947
310.9731705882217
311.0700213830751
311.16683715917384
311.2636167849349
311.36035910260784
311.4570629361219
311.5537270992129
311.6503504037626
311.74693166826694
311.8434697263278
311.9399634350471
312.0364116831923
312.132813398997
312.229167557466
312.3254731870625
312.4217293756756
312.517935275788
312.61409010879197
312.7101931684297
312.8062438233679
312.9022415189397
312.9981857781145
313.09407620177393
313.18991246838596
313.28569433317256
313.38142162687194
313.4770942541831
313.572712191974
313.6682754873199
313.7637842554203
313.85923867742395
313.9546389981814
314.04998552392135
314.14527861984317
314.2405187076023
314.3357062626662
314.4308418115114
314.5259259286341
314.62095923335204
314.715942386376
314.8108760861369
314.90576106486077
315.0005980843896
315.095387931753
315.1901314145021
315.2848293558235
315.37948258945715
315.47409195445135
315.56865828978925
315.66318242893396
315.75766519434063
315.85210739199425
315.946509806032
316.0408731935169
316.1351982794302
316.2294857519483
316.32373625807173
316.4179503996674
316.51212872997803
316.60627175064764
316.70037990930007
316.7944535976988
316.8884931504993
316.98249884460654
317.07647089912166
317.1704094758703
317.2643146804821
317.3581865639943
317.45202512494006
317.5458303118811
317.6396020263436
317.733340126111
317.8270444288303
317.9207147158861
318.0143507364986
318.1079522120017
318.2015188402571
318.2950503001616
318.3885462562027
318.48200636302204
318.5754302699412
318.6688176254085
318.76216808132693
318.8554812972218
318.94875694421427
319.04199470876654
319.13519429617105
319.22835543376016
319.3214778738197
319.41456139619356
319.50760581057585
319.60061095848795
319.6935767149489
319.7865029898446
319.879389729013
319.9722369150563
320.06504456789906
320.15781274510726
320.2505415419813
320.34323109144293
320.4358815637182
320.52849316583394
320.62106614092744
320.7136007673759
320.8060973577469
320.8985562575676
320.99097784391233
321.0833625238075
321.17571073245034
321.26802293124064
321.3602996056308
321.4525412627895
321.5447484290936
321.6369216474511
321.72906147447026
321.82116847749063
321.9132432314946
322.0052863159233
322.09729831142033
322.18927979653466
322.28123134441074
322.3731535194999
322.46504687432423
322.55691194632686
322.64874925484213
322.7405592982149
322.8323425510989
322.92409946196074
323.0158304508112
323.10753590718207
323.1992161883657
323.29087161792324
323.38250248447105
323.47410904074366
323.56569150293177
323.6572500502881
323.7487848249925
323.84029593226103
323.93178344068866
324.0232473828038
324.11468775582256
324.2061045225811
324.29749761262786
324.3888669234594
324.48021232187983
324.5715336454672
324.6628307041279
324.75410328172643
324.84535113777025
324.9365740091395
325.0277716118417
325.11894364278567
325.2100897815542
325.30120969217063
325.3923030248453
325.48336941769344
325.57440849841674
325.66541988594275
325.75640319201256
325.84735802271837
325.93828397998226
326.0291806629763
326.1200476694833
326.21088459719584
326.30169104495434
326.39246661392514
326.4832109087173
326.5739235384394
326.66460411769475
326.75525226751864
326.8458676162493
326.93644980033747
327.02699846509006
327.11751326534306
327.20799386606456
327.29843994287984
327.3888511825196
327.4792272831852
327.56956795482864
327.6598729193455
327.75014191067964
327.84037467483796
327.9305709698189
328.0207305654536
328.110853243166
328.2009387956564
328.2909870265142
328.38099774977
328.47097078939305
328.5609059787492
328.6508031600251
328.74066218363595
328.8304829076261
328.92026519707565
329.01000892352596
329.09971396443694
329.18938020268547
329.2790075261168
329.36859582715863
329.4581450025046
329.5476549528748
329.63712558285835
329.72655680083926
329.81594851901116
329.90530065347616
329.9946131244313
330.08388585643553
330.173118778754
330.262311825776
330.3514649374969
330.4405780600584
330.5296511463373
330.61868415657636
330.7076770590452
330.79662983072257
330.8855424579913
330.9744149373351
331.0632472760281
331.1520394928089
331.2407916185274
331.329503696761
331.418175784386
331.50680795210377
331.59540028490926
331.68395288249883
331.772465859613
331.8609393463063
331.949373488143
332.03776844631517
332.12612439767923
332.2144415347095
332.3027200653679
332.390960212888
332.47916221547206
332.5673263259031
332.6554528110693
332.74354195140296
332.8315940402338
332.9196093830582
333.00758829672424
333.09553110853517
333.1834381552737
333.27130978214626
333.3591463416538
333.4469481923891
333.53471569776565
333.62244922468244
333.71014914212947
333.79781581973714
333.88544962628237
333.9730509281505
334.0606200877675
334.1481574620078
334.23566340058824
334.32313824445873
334.4105823241991
334.4979959584343
334.58537945227965
334.6727330958264
334.7600571626818
334.8473519085717
334.93461757002166
335.0218543631238
335.1090624824014
335.1962420997811
335.2833933636818
335.37051639822636
335.4576113025871
335.54467815046553
335.63171698971587
335.7187278421141
335.80571070327204
335.89266554270364
335.9795923040367
336.0664909053738
336.1533612397977
336.2402031760161
336.32701655914684
336.41380121163155
336.5005569342767
336.5872835074126
336.67398069216256
336.7606482318171
336.8472858533005
336.9338932687249
337.020470177018
337.1070162656193
337.19353121223264
337.28001468662484
337.3664663524614
337.4528858691679
337.5392728938087
337.62562708297037
337.71194809464123
337.79823559007593
337.8844892356358
337.9707087045945
338.0568936788981
338.143043850873
338.2291589248679
338.31523861882533
338.4012826657697
338.4872908152066
338.5732628344245
338.6591985096879
338.7450976473221
338.83096007467543
338.91678564095713
339.0025742179469
339.0883257005675
339.17404000732034
339.2597170805804
339.3453568867491
339.4309594162615
339.5165246834528
339.6020527262811
339.68754360591095
339.772997406159
339.8584142328084
339.9437942127945
340.0291374932703
340.114444240556
340.1997146389838
340.2849488896435
340.37014720904097
340.4553098276763
340.5404369885555
340.6255289456445
340.7105859622775
340.79560830952914
340.88059626456635
340.9655501089863
341.05047012715494
341.13535660455716
341.22020982616726
341.30503007485237
341.3898176298183
341.474572765106
341.55929574814934
341.64398683839977
341.7286462860283
341.81327433070925
341.8978712004908
341.98243711076236
342.06697226331545
342.1514768455096
342.23595102953897
342.3203949718078
342.40480881241064
342.489192674723
342.5735466650964
342.6578708726644
342.7421653692519
342.82643020938735
342.91066543042007
342.9948710527311
343.0790470800442
343.16319349982376
343.2473102837624
343.33139738835047
343.4154547555222
343.4994823133754
343.5834799769578
343.66744764911397
343.7513852213875
343.83529257497304
343.9191695817104
344.00301610511457
344.0868320014357
344.1706171207427
344.2543713080206
344.33809440428143
344.42178624767297
344.5054466745874
344.58907552075686
344.67267262233247
344.7562378169404
344.8397709447068
344.9232718492486
345.0067403786225
345.0901763862268
345.1735797316525
345.25695028147896
345.3402879100074
345.42359249993314
345.5068639429496
345.59010214028297
345.6733070031559
345.75647845317775
345.8396164226605
345.92272085486087
346.0057917041477
346.0888289360956
346.17183252750624
346.2548024663588
346.3377387516908
346.42064139341517
346.50351041207125
346.5863458385178
346.6691477135692
346.7519160875804
346.8346510199819
346.9173525787735
347.0000208399764
347.08265588705257
347.16525781029407
347.24782670618487
347.33036267674544
347.4128658288585
347.49533627358363
347.5777741254661
347.6601795018405
347.74255252213686
347.8248933071912
347.90720197856336
347.989478657869
348.0717234661246
348.15393652311235
348.23611794676526
348.31826785257607
348.4003863530322
348.48247355708025
348.56452956961846
348.6465544910239
348.7285484167127
348.81051143673403
348.8924436354034
348.97434509097167
349.05621587533307
349.13805605377286
349.21986568475495
349.3016448197493
349.38339350310036
349.4651117719355
349.5467996561145
349.62845717821847
349.71008435357845
349.79168119034335
349.87324768958496
349.95478384544106
350.0362896452934
350.1177650699793
350.1992100940388
350.28062468598927
350.36200880863174
350.4433624193833
350.5246854706351
350.605977910133
350.6872396813777
350.76847072404473
350.849670974419
350.93084036584224
351.01197882917074
351.09308629324244
351.17416268534737
351.25520793170176
351.3362219579226
351.41720468949904
351.49815605226013
351.5790759728339
351.659964379099
351.74082120062286
351.8216463690878
351.9024398186997
351.98320148658127
352.0639313131441
352.1446292424415
352.2252952224967
352.3059292056097
352.3865311486382
352.46710101325095
352.5476387661558
352.62814437929865
352.70861783003363
352.7890591012639
352.86946818155207
352.94984506520024
353.03018975229963
353.1105022487482
353.1907825662387
353.27103072221416
353.35124673979396
353.431430647669
353.511582479966
353.5917022760838
353.6717900805011
353.75184594255427
353.83186991619095
353.911862059697
353.99182243539906
354.07175110934423
354.15164815095955
354.23151363269113
354.3113476296254
354.3911502190965
354.47092148027883
354.55066149376887
354.63037034115854
354.7100481046029
354.78969486638306
354.8693107084682
354.9488957120807
355.0284499572633
355.10797352245544
355.1874664840776
355.2669289161289
355.34636088979937
355.4257624731002
355.50513373051217
355.58447472265937
355.6637855060042
355.7430661325708
355.82231664969555
355.90153709980916
355.98072752024876
356.05988794310286
356.1390183950922
356.21811889748165
356.297189466031
356.37623011097963
356.45524083706675
356.534221643588
356.6131725244873
356.69209346848277
356.7709844592275
356.84984547550164
356.9286764914383
357.00747747677696
357.08624839714673
357.1649892143767
357.2436998868278
357.3223803697512
357.401030615663
357.4796505747369
357.5582401952144
357.6367994238226
357.7153282062056
357.79382648735896
357.8722942120698
357.9507313253567
358.0291377729073
358.1075135015103
358.18585845948024
358.26417259707046
358.3424558668722
358.4207082241976
358.49892962744286
358.57712003843073
358.6552794227282
358.7334077499379
358.8115049939616
358.889571133234
358.96760615092364
359.0456100351016
359.12358277887483
359.20152438048547
359.2794348433726
359.3573141761985
359.43516239283707
359.51297951232726
359.5907655587877
359.66852056129744
359.74624455374095
359.82393757461944
359.90159966682944
359.9792308774111
360.0568312572672
360.13440086085495
360.21193974585395
360.2894479728106
360.3669256047656
360.4443727068611
360.5217893459386
360.599175590121
360.67653150839186
360.75385717016735
360.8311526448674
360.90841800148996
360.9856533081889
361.06285863186145
361.1400340377467
361.2171795890385
361.2942953465146
361.371381368188
361.44843770897825
361.5254644204101
361.60246155033684
361.67942914269435
361.756367237285
361.8332758695948
361.91015507064253
361.9870048668642
362.0638252800333
362.1406163272142
362.2173780207542
362.2941103683092
362.3708133729052
362.4474870330339
362.524131342783
362.6007462919972
362.677331866472
362.7538880481754
362.83041481549884
362.90691214353143
362.9833800043592
363.05981836738476
363.1362271996648
363.2126064662634
363.28895613061854
363.36527615491775
363.44156650048177
363.51782712815134
363.5940579986755
363.6702590730971
363.74643031313576
363.8225716815589
363.89868314254596
363.97476466203716
364.05081620806567
