269.6396000000002
269.71999002222236
269.8754188716462
270.0736920492003
270.29039555845253
270.5128217224376
270.7358417040116
270.9580121295257
271.17941019116233
271.40060606700297
271.6222241734633
271.84478348004035
272.0686589390421
272.2940894475817
272.52120171277323
272.7500381839383
272.98058369922813
273.2127878910362
273.4465819628004
273.6818898028376
273.91863437271627
274.15674074599247
274.3961371330249
274.63675490657243
274.878528272269
275.1213940785401
275.36529259778104
275.6101707193932
275.8559885689557
276.10272723395656
276.3503889242991
276.59897551776544
276.8484341397691
277.09857390077985
277.34898202440263
277.5989863008125
277.84770765027
278.09421492474394
278.33774495886934
278.57790955235936
278.8148028279185
279.048956599098
279.28115416468154
279.5121739848119
279.742563754085
279.9725287484168
280.2019654834125
280.43060922207854
280.6582207038558
280.88473073457624
281.1102894830969
281.33521363744575
281.5598668079701
281.78452996407333
282.00931418396095
282.2341440555488
282.4588096121315
282.6830604430522
282.9067051513444
283.12968339733135
283.35209177057067
283.574161793554
283.79620235704095
284.01852631830803
284.2413813681943
284.46490036068775
284.6890788769745
284.91378046776583
285.1387644761284
285.3637281931109
285.5883541335915
285.812353891997
286.0355018352821
286.257654453595
286.4787541924389
286.69881958414254
286.9179258908031
287.1361817101364
287.3537068086712
287.5706149953692
287.78700367841367
288.00294957492173
288.2185085000015
288.4337166102406
288.64859093922746
288.8631282534923
289.07730269048704
289.2910637832976
289.5043369175641
289.7170278460088
289.92903175006177
290.1402458799017
290.35058352540136
290.55998640703376
290.7684327530418
290.97593929318055
291.1825568465861
291.38836067189567
291.59343785749707
291.7978744837414
292.00174503133724
292.20510569498526
292.4079921784383
292.610421516881
292.81239674678426
293.01391294369125
293.21496325425784
293.41554393247606
293.6156578774236
293.8153166037049
294.01454085861684
294.21336020889635
294.41181189297055
294.60993914162754
294.8077890796769
295.00541027799324
295.2028500416102
295.40015158077864
295.5973512888352
295.79447641150705
295.9915434107501
296.18855728673117
296.38551202163745
296.5823921606375
296.7791753739223
296.97583568369095
297.1723469265062
297.3686859815155
297.56483533941054
297.76078470705875
297.9565315126916
298.1520803601108
298.3474416401567
298.54262961389753
298.737660318983
298.93254961911197
299.12731163208406
299.3219576594313
299.5164956278049
299.71092996258096
299.9052617619843
300.0994891287279
300.2936075390843
300.48761017315996
300.6814881794912
300.87523088851253
301.0688260144473
301.26225989114556
301.4555177770436
301.648584243879
301.8414436403645
302.03408060211194
302.2264805669381
302.41863025185717
302.61051805386256
302.8021343487524
302.9934716777676
303.184524827593
303.37529082256805
303.5657688564168
303.75596019290117
303.94586805989167
304.1354975502243
304.3248555276423
304.51395052078004
304.70279257679454
304.89139304274283
305.0797642492577
305.2679190870953
305.45587048957964
305.64363085767116
305.8312114834377
306.0186220371167
306.20587017999003
306.3929613501621
306.57989874409776
306.7666834884519
306.9533149699226
307.1397912705374
307.3261096451753
307.5122669782642
307.69826016647886
307.88408639125214
308.0697432655681
308.2552288601962
308.44054163213417
308.62568029024845
308.8106436386956
308.9954304375031
309.18003931251735
309.3644687353899
309.5487170805227
309.7327827522408
309.91666436402136
310.1003609440101
310.28387213809214
310.4671983834584
310.65034103108246
310.83330240343804
311.01608578256076
311.19869533170674
311.3811359603074
311.56341314610125
311.74553273020626
311.92750070085816
312.10932298017775
312.29100522623935
312.4725526603883
312.6539699274732
312.8352609944943
313.0164290910794
313.1974766930824
313.37840554839516
313.5592167417946
313.7399107934333
313.9204877836115
314.10094749498177
314.28128956251476
314.4615136215472
314.64161944507333
314.82160706304415
315.0014768586381
315.1812296389802
315.3608666803285
315.54038974998537
315.71980110888063
315.8991034997173
316.0783001257086
316.2573946243042
316.436391039065
316.61529379124977
316.79410765099846
316.97283770653127
317.15148932877605
317.3300681284462
317.5085799028823
317.6870305708996
317.865426095308
318.0437723944707
318.2220752459954
318.40034018714135
318.5785724175523
318.75677671033236
318.9349573371714
319.1131180122442
319.2912618580282
319.46939139422517
319.6475085488675
319.82561468869665
320.0037106642994
320.1817968644489
320.35987327377734
320.5379395283035
320.7159949643931
320.89403865826023
321.07206945490134
321.25008598711344
321.4280866867507
321.6060697914131
321.7840333502126
321.9619752321192
322.1398931396949
322.3177846299394
322.49564714266296
322.67347803550155
322.8512746235485
323.02903422076184
323.20675417989804
323.3844319277225
323.5620649926476
323.7396510226392
323.91718779211783
324.09467319753907
324.2721052422536
324.44948201203914
324.6268016432892
324.8040622862179
324.98126206558527
325.1583990413788
325.3354711716582
325.5124762794005
325.68941202475094
325.8662758836099
326.0430651330374
326.21977684353425
326.39640787792973
326.57295489633884
326.749414366495
326.9257825786871
327.1020556645414
327.2782296189559
327.45430032461934
327.6302635786773
327.8061151212481
327.98185066558807
328.15746592977104
328.3329566697442
328.5083187135587
328.68354799646437
328.85864059638993
329.03359276915654
329.2084009825934
329.38306194857967
329.557572651942
329.7319303751214
329.90613271757763
330.08017760906336
330.25406331611373
330.4277884414001
330.6013519159301
330.7747529844215
330.9479911845168
331.12106632080446
331.2939784348417
331.46672777253184
331.639314750279
331.81173992130806
331.98400394345117
332.1561075495103
332.3280515210903
332.4998366665394
332.67146380337044
332.8429337452841
333.01424729369865
333.1854052335012
333.35640833261317
333.5272573448714
333.69795301569445
333.8684960900035
334.0388873218934
334.20912748559823
334.379217387341
334.54915787770113
334.7189498641661
334.888594323552
335.0580923139735
335.2274449860458
335.39665359297777
335.5657194992102
335.73464418725007
335.9034292623634
336.07207645482686
336.2405876194898
336.40896473247204
336.57720988492
336.745325273839
336.91331319013295
337.0811760040813
337.2489161485833
337.4165361005739
337.58403836107635
337.7514254343956
337.91869980696356
338.08586392634317
338.25292018086265
338.41987088030476
338.58671823801336
338.7534643547084
338.92011120422234
339.08666062129697
339.2531142915019
339.41947374327066
339.58574034198705
339.75191528600686
339.9179996044584
340.08399415663627
340.24989963278813
340.4157165560848
340.5814452855669
340.7470860198736
340.912638801579
341.0781035219836
341.24347992623996
341.4087676187285
341.5739660686281
341.73907461566574
341.90409247606414
342.0690187487323
342.23385242177403
342.3985923794034
342.5632374093686
342.7277862109813
342.8922374038439
343.0565895373385
343.22084110091566
343.3849905351806
343.5490362437281
343.712976605633
343.8768099884516
344.0405347615507
344.2041493095431
344.3676520455822
344.53104142425946
344.6943159538468
344.8574742076446
345.02051483422304
345.1834365663914
345.3462382287727
345.5089187439253
345.67147713700405
345.8339125390132
345.9962241887503
346.1584114335822
346.32047372922256
346.48241063869773
346.6442218306905
346.80590707744665
346.96746625240536
347.12889932769457
347.2902063715948
347.451387546045
347.61244310422535
347.77337338822434
347.93417882676425
348.0948599329436
348.25541730193044
348.41585160853737
348.57616360460065
348.7363541160861
348.89642403985096
349.0563743399948
349.2162060437466
349.37592023684016
349.5355180583515
349.6950006949755
349.8543693747381
350.01362536015966
350.17276994089275
350.3318044258798
350.4907301350935
350.64954839093826
350.8082605094086
350.96686779111315
351.12537151229196
351.2837729159546
351.44207320327854
351.6002735254075
351.7583749757805
351.9163785831155
352.07428530516063
352.2320960233011
352.38981153809266
352.5474325657747
352.70495973578056
352.86239358925394
353.01973457854825
353.1769830676754
353.3341393336516
353.4912035686745
353.6481758830683
353.8050563089133
353.9618448042923
354.11854125807406
354.2751454951627
354.4316572821464
354.5880763332781
354.7444023167267
354.90063486104145
355.0567735617697
355.212817988173
355.36876768998513
355.52462220415464
355.6803810615169
355.8360437933378
355.99160993767697
356.1470790455143
356.3024506865955
356.4577244549488
356.61289997403827
356.76797690152245
356.92295493359404
357.07783380888935
357.2326133119589
357.3872932762999
357.54187358695674
357.69635418270457
357.85073505782714
358.00501626350876
358.1591979088592
358.3132801615882
358.4672632483445
358.6211474547367
358.774933125042
358.92862066161683
359.0822105240066
359.23570322776527
359.3890993429791
359.5423994924969
359.69560434986465
359.8487146369634
360.00173112134996
360.15465461330257
360.30748596257547
360.46022605486877
360.61287580802536
360.765436167967
360.91790810439016
361.07029260624415
361.2225906770166
361.3748033298609
361.5269315825973
361.67897645262957
361.8309389518156
361.98282008133896
362.1346208266229
362.2863421523341
362.4379849975197
362.58955027092156
362.7410388465041
362.8924515592375
363.0437892011645
363.1950525177794
363.34624220474245
363.4973589049456
363.6484032059437
363.7993756377565
363.95027667104523
364.101106715663
364.25186611957304
364.4025551681294
364.5531740837089
364.7037230256825
364.85420209071344
365.00461131336795
365.15495066702204
365.3052200650492
365.4554193622703
365.60554835665033
365.7556067912194
365.90559435620327
366.0555106913391
366.2053553883602
366.35512799362544
366.50482801087617
366.65445490409763
366.8040081004684
366.9534869933765
367.10289094548614
367.25221929184
367.4014713429815
367.550646388085
367.6997436980822
367.84876252877825
367.9977021239436
368.1465617183799
368.29534054095024
368.44403781756574
368.592652774125
368.7411846393945
368.8896326478239
369.03799604228465
369.186274076721
369.3344660186982
369.482571151837
369.63058877811375
369.77851822001327
369.9263588225129
370.074109954885
370.22177101229386
370.36934141717836
370.51682062039754
370.66420810213356
370.811503372536
370.9587059721052
371.1058154718068
371.252831472923
371.39975360663806
371.5465815333748
371.693314941887
371.83995354812913
371.986497093922
372.1329453454382
372.2792980915338
372.42555514195504
372.5717163254524
372.71778148783073
372.86375048997246
373.0096232058626
373.15539952064927
373.30107932877075
373.44666253217684
373.5921490386722
373.73753876040473
373.88283161252207
374.0280275120121
374.17312637674456
374.3181281247236
374.4630326735593
374.6078399401657
374.7525498406835
374.89716229062856
375.04167720526027
375.18609450016373
375.3304140920366
375.47463589966696
375.61875984509055
375.76278585490957
375.906713861757
376.0505438058859
376.1942756368673
376.3379093153699
376.4814448150064
376.62488212421744
376.7682212481779
376.9114622106952
377.0546050560847
377.1976498509939
377.34059668615726
377.48344567805987
377.6261969704893
377.7688507359576
377.91140717697414
378.0538665271526
378.1962290521381
378.33849505033834
378.48066485344543
378.6227388267404
378.76471736916614
378.90660091316437
379.04838992426664
379.1900849004391
379.33168637117143
379.4731948963164
379.61461106467533
379.7559354923338
379.8971688207545
380.0383117146329
380.179364859523
380.32032895925073
380.46120473312214
380.601992912947
380.7426942398934
380.88330946119504
381.02383932673234
381.1642845855105
381.3046459820601
381.4449242527864
381.58512012229465
381.725234299718
381.86526747507645
382.00522031569574
382.14509346271274
382.2848875276947
382.4246030893986
382.5642406906948
382.7038008356792
382.84328398699523
382.9826905633865
383.12202093749534
383.2612754339267
383.4004543275879
383.5395578423165
383.6785861498061
383.81753936883575
383.956417564808
384.09522074959904
384.23394888171765
384.3726018667782
384.5111795582769
384.6496817586722
384.7881082207581
384.92645864932683
385.0647327031053
385.20292999696136
385.3410501043608
385.47909256006653
385.61705686306215
385.7549424796849
385.8927488469519
386.03047537605966
386.16812145603893
386.3056864575437
386.4431697367546
386.58057063937156
386.71788850467595
386.8551226696357
386.99227247302963
387.12933725956634
387.26631638397095
387.40320921501296
387.5400151394518
387.6767335658709
387.8133639283762
387.9499056901321
388.08635834671264
388.2227214292407
388.3589945072958
388.49517719156717
388.6312691362332
388.7672700410494
388.9031796531298
389.0389977684079
389.1747242327659
389.3103589428259
389.44590184639463
389.5813529425627
389.716712281456
389.8519799636431
389.9871561392058
390.12224100648297
390.2572348104953
390.39213784107204
390.5269504306911
390.6616729520556
390.7963058154285
390.9308494657462
391.0653043795391
391.19967106168485
391.3339500420203
391.4681418718432
391.60224712032806
391.7362663708895
391.87020021751687
392.0040492611115
392.13781410585113
392.2714953556098
392.40509361045474
392.53860946324727
392.672043496365
392.8053962785696
392.93866836203483
393.0718602795513
393.20497254192486
393.338005635575
393.47096002035016
393.60383612756215
393.7366343582491
393.8693550816705
394.0019986340373
394.13456531747795
394.26705539923796
394.3994691111168
394.5318066491313
394.66406817340714
394.79625380829106
394.92836364267583
395.0603977305338
395.1923560916482
395.3242387125354
395.4560455475455
395.58777652013714
395.71943152430663
395.8510104261713
395.9825130656839
396.11393925847653
396.2452887978116
396.37656145663476
396.50775698971154
396.6388751358357
396.7699156200941
396.9008781561757
397.031762448707
397.1625681956022
397.29329509041116
397.4239428246503
397.55451109010454
397.68499958108
397.8154079966002
397.9457360425255
398.0759834335861
398.20614989531543
398.3362351658694
398.46623899772493
398.5961611592426
398.7260014360886
398.8557596325044
398.985435572421
399.11502910041025
399.24454008246994
399.3739684066413
399.503313983456
399.6325767462156
399.7617566511035
399.89085367713415
400.019867825944
400.14879912142965
400.27764760924185
400.40641335614276
400.5350964492361
400.66369699508124
400.7922151187001
400.9206509624914
401.04900468506133
401.177276459985
401.30546647450905
401.4335749282086
401.5616020316111
401.6895480047972
401.81741307599225
401.9451974801555
402.07290145758174
402.20052525252026
402.32806911182445
402.45553328363434
402.5829180161042
402.71022355617936
402.83745014842657
402.9645980339242
403.09166744921606
403.2186586253302
403.345571786866
403.4724071511552
403.59916492748744
403.7258453164152
403.8524485091262
403.9789746868903
404.1054240205769
404.2317966702435
404.3580927847945
404.48431250170637
404.6104559468226
404.7365232342122
404.86251446609197
404.9884297328107
405.11426911289374
405.2400326731451
405.36572046880457
405.4913325437596
405.61686893080764
405.7423296519675
405.86771471883674
405.9930241329928
406.11825788643444
406.24341596206284
406.36849833419444
406.49350496910745
406.6184358256165
406.7432908556709
406.8680700049754
406.9927732136271
407.11740041676865
407.24195154524784
407.36642652628825
407.4908252841588
407.61514774084486
407.7393938167138
407.8635634311737
407.9876565033206
408.1116729525713
408.2356126992798
408.359475665335
408.4832617747352
408.6069709541389
408.7306031333908
408.85415824601904
408.9776362297054
409.10103702672444
409.22436058435227
409.347606855246
409.47077579778875
409.5938673764063
409.7168815618496
409.83981833144696
409.9626776693252
410.08545956659816
410.2081640215264
410.3307910396445
410.45334063385997
410.57581282452014
410.6982076394521
410.8205251139691
410.94276529085175
411.0649282202969
411.1870139598375
411.30902257423367
411.43095413533393
411.5528087219056
411.67458641943654
411.79628731990636
411.9179115215276
412.0394591284567
412.1609302504756
412.2823250026443
412.40364350492337
412.52488588176965
412.646052261703
412.7671427768492
412.8881575624566
413.0090967563908
413.12996049860834
413.25074893061185
413.3714621948894
413.49210043434147
413.61266379169683
413.7331524089227
413.8535664266322
413.9739059834909
414.0941712156304
414.2143622560681
414.3344792341411
414.4545222749551
414.5744914988556
414.6943870209225
414.8142089504931
414.9339573907175
415.05363243814895
415.17323418237413
415.29276270568414
415.4122180827903
415.53160038058724
415.6509096579654
415.77014596567363
415.8893093462343
416.0083998339117
416.12741745473414
416.2463622265707
416.36523415926143
416.4840332548
416.60275950757097
416.7214129046359
416.83999342607143
416.9585010453523
417.0769357297825
417.1952974409668
417.31358613532325
417.43180176463295
417.5499442766213
417.66801361557054
417.7860097229576
417.90393253811334
418.02178199889937
418.1395580423991
418.2572606056153
418.3748896261739
418.4924450430269
418.6099267971476
418.72733483221907
418.8446690953059
418.9619295375061
419.079116114581
419.1962287875532
419.31326752327465
419.43023229495407
419.54712308264607
419.6639398736913
419.7806826631117
419.8973514539488
420.0139462575516
420.1304670938018
420.2469139912833
420.36328698738623
420.47958612834975
420.59581146924046
420.7119630738662
420.82804101462375
420.94404537228644
421.0599762357258
421.175833701573
421.29161787382225
421.4073288633781
421.52296678754846
421.6385317694894
421.75402393760464
421.8694434249037
421.9847903683242
422.10006490802334
422.21526718664495
422.33039734856544
422.4454555391267
422.56044190386194
422.6753565877185
422.79019973428666
422.9049714850375
423.01967197857937
423.13430134993513
423.24885972984845
423.36334724412353
423.4777640130048
423.5921101505984
423.70638576434334
423.8205909545352
423.9347258139038
424.0487904272532
424.16278487116
424.27670921373925
424.3905635144722
424.50434782410457
424.6180621846099
424.7317066292209
424.8452811825285
424.9587858606461
425.07222067143977
425.18558561481825
425.29888068308634
425.41210586135344
425.52526112799666
425.6383464551731
425.7513618093794
425.86430715205194
425.97718244020285
426.08998762709007
426.20272266291136
426.31538749551993
426.4279820711562
426.54050633518773
426.6529602328544
426.7653437100094
426.8776567138556
426.9898991936646
427.1020711014798
