1122.6836000000008
1121.3356883688894
1119.7207604294376
1118.0053891634238
1116.2829204000766
1114.592304840421
1112.9417793985792
1111.3269123979296
1109.7406625992344
1108.1772898158208
1106.6329577254971
1105.1051930117696
1103.5922939543148
1102.0929970446027
1100.6063566618855
1099.1317160875583
1097.6686701491278
1096.2169630443393
1094.776319863576
1093.3462663245405
1091.9260179887656
1090.5144960393452
1089.1104643656831
1087.7127225294498
1086.3202680070817
1084.932366212447
1083.5485150520446
1082.1683312040268
1080.7914053300192
1079.4171847479122
1078.0449595032069
1076.6740404707832
1075.3041863421581
1073.936227187466
1072.5726691449802
1071.2179414135092
1069.8779773827105
1068.5590540817102
1067.2661704394993
1066.0015441864994
1064.7638646487446
1063.5486822134221
1062.3498441144402
1061.1614272939903
1059.9794033310986
1058.8024043301696
1057.6313695528725
1056.4683353324606
1055.3149609229565
1054.1714276001926
1053.0361189706377
1051.9061192426752
1050.7782293691648
1049.6500334231682
1048.520590872189
1047.3905320095023
1046.2615874908608
1045.1357830904228
1044.014613712742
1042.8984695597117
1041.7864619562674
1040.676647707298
1039.5665337294186
1038.4536880064427
1037.3362896465721
1036.2135004093245
1035.085606112206
1033.953936873996
1032.8206176972772
1031.688221804113
1030.5594006880006
1029.4365524126931
1028.3215698456402
1027.2156895253702
1026.119444266863
1025.0327102329784
1023.954831245475
1022.8847974784068
1021.8214508692097
1020.7636860261874
1019.7106153562404
1018.6616731148029
1017.6166458282937
1016.575633694392
1015.5389640395528
1014.507087925933
1013.480490766525
1012.459637465993
1011.4449563420213
1010.4368503672849
1009.4357150810017
1008.4419428775375
1007.455902309287
1006.4778942484687
1005.5080986068582
1004.5465311706309
1003.5930280163418
1002.647266156745
1001.7088171487394
1000.777219830799
999.8520527219196
998.9329874395585
998.019810964974
997.1124141012776
996.2107527539569
995.3147949433775
994.4244683063162
993.5396204307883
992.6599991415571
991.7852538404844
990.9149540588118
990.0486186249605
989.1857484968953
988.3258577831946
987.4684998048771
986.6132872596095
985.7599069860753
984.9081302802317
984.0578193761488
983.2089299944245
982.3615092375918
981.5156879052125
980.6716666342419
979.8296960588976
978.9900522012708
978.1530092682032
977.3188126914915
976.4876554456956
975.6596603615714
974.834870381501
974.0132476175182
973.1946808641482
972.3790000933573
971.5659956038079
970.7554390465971
969.9471035655531
969.1407807460378
968.3362928542886
967.5334998015386
966.7323011913551
965.9326345305141
965.1344710845301
964.3378108988173
963.5426782278951
962.7491181260948
961.9571943956464
961.1669886001764
960.3785995357897
959.5921424541926
958.8077474396614
958.0255565936766
957.2457199925291
956.4683906692371
955.6937190681344
954.9218474979215
954.1529050709635
953.3870034939561
952.6242339128221
951.8646648578807
951.1083412181723
950.3552841130977
949.6054915236615
948.8589395783703
948.1155844358103
947.3753647422968
946.638204650241
945.9040173535503
945.1727090351656
944.4441830441301
943.7183440468241
942.9951018509682
942.2743745981069
941.5560910672522
940.840191924643
940.1266298770691
939.4153688172083
938.7063821653379
937.9996506925
937.2951601434421
936.5928989609624
935.8928563540446
935.1950208650724
934.4993794947018
933.8059173542142
933.1146177477723
932.4254625480328
931.7384327185213
931.0535088501599
930.3706716092227
929.689902030973
929.0111816298668
928.3344923284076
927.6598162304444
926.9871352807513
926.3164308624082
925.6476833880961
924.9808719419059
924.3159740247147
923.6529654483676
922.9918204114083
922.332511772205
921.6750115151083
921.0192913838094
920.3653236361587
919.7130818591613
919.0625417742539
918.4136819626082
917.7664844483623
917.1209350930466
916.4770237748374
915.8347443486626
915.1940944045596
914.5550748594613
913.9176894297589
913.2819440377077
912.6478462039414
912.0154044718445
911.384627898722
910.7555256352517
910.1281066004922
909.5023792463186
908.8783513940813
908.256030118535
907.635421650276
907.0165312682817
906.3993631583767
905.7839202209092
905.1702038206618
904.5582134828151
903.9479465493541
903.3393978194239
902.7325592036683
902.1274194258576
901.5239638046096
900.9221741439146
900.3220287539084
899.7235026137431
899.1265676776387
898.5311933144287
897.9373468613386
897.3449942653208
896.7541007806411
896.1646316898663
895.5765530167407
894.9898322032109
894.4044387282306
893.8203446521259
893.2375250762896
892.6559585131084
892.0756271648507
891.4965171125336
890.9186184167862
890.3419251326927
889.766435240224
889.1921504915639
888.6190761770546
888.0472208128094
887.4765957554247
886.9072147524901
886.3390934413297
885.7722488121611
885.2066986550235
884.6424610119393
884.0795536564409
883.5179936216593
882.9577967956685
882.3989775989273
881.8415487538502
881.285521151281
880.7309038133503
880.177703947412
879.6259270817676
879.0755772709483
878.5266573564951
877.9791692684879
877.4331143532908
876.8884937140007
876.3453085516004
875.8035604966256
875.2632519230432
874.7243862378072
874.186968141098
873.6510038534776
873.1165013070793
872.583470298484
872.0519226012283
871.5218720359638
870.9933344962992
870.4663279283985
869.9408722626214
869.4169892959671
868.894702524885
868.3740369291985
867.855018709412
867.3376749814776
866.8220334350506
866.3081219632303
865.7959682735627
865.2855994914946
864.7770417683892
864.2703199064746
863.7654570126758
863.2624741921591
862.7613902906705
862.262221692487
861.7649821782131
861.2696828439001
860.7763320802771
860.2849356084048
859.7954965659671
859.308015636791
858.8224912150775
858.3389195952675
857.8572951783766
857.3776106859864
856.8998573737576
856.424025237266
855.950103204041
855.4780793068655
855.0079408345894
854.5396744578892
854.0732663285344
853.6087021518013
853.1459672326663
852.6850464973137
852.2259244923163
851.7685853645388
851.3130128253855
850.8591901034563
850.4070998899143
849.9567242810122
849.5080447221148
849.0610419573572
848.6156959886674
848.1719860473788
847.7298905810235
847.2893872572047
846.8504529856905
846.4130639591165
845.9771957119449
845.5428231966301
845.1099208753278
844.6784628249538
844.2484228530019
843.8197746212339
843.3924917742232
842.9665480697054
842.5419175078191
842.1185744565404
841.6964937709579
841.2756509044455
840.8560220102374
840.4375840324295
840.0203147858851
839.6041930250233
839.1891985018544
838.7753120140083
838.3625154437723
837.9507917893477
837.5401251896618
837.130500944098
836.7219055284397
836.3143266082452
835.907753050651
835.5021749354229
835.0975835657808
834.6939714792871
834.2913324587944
833.8896615431983
833.4889550374843
833.0892105213704
832.6904268556513
832.2926041852414
831.895743937834
831.4998488170623
831.1049227890674
830.7109710614601
830.318000053767
829.926017358604
829.535031693018
829.1450528396456
828.7560915775852
828.368159603113
827.9812694406548
827.5954343446444
827.2106681931648
826.826985374455
826.4444006675595
826.0629291185363
825.6825859137257
825.3033862516412
824.9253452150377
824.5484776446729
824.1727980161794
823.7983203213612
823.425057955057
823.0530236085709
822.6822291704689
822.3126856353914
821.9444030213505
821.5773902958397
821.2116553109544
820.8472047476223
820.4840440689668
820.1221774827682
819.7616079129612
819.4023369800888
819.0443649906196
818.6876909350397
818.332312494617
817.9782260567273
817.6254267385947
817.2739084192731
816.9236637796266
816.5746843500086
816.2269605652501
815.8804818264967
815.535236569328
815.1912123375253
814.8483958617683
814.5067731424795
814.166329535994
813.827049843195
813.4889183997541
813.1519191671268
812.8160358234819
812.4812518537901
812.14755063836
811.8149155391848
811.4833299835327
811.1527775443184
810.8232420168432
810.4947074916183
810.1671584230227
809.8405796936449
809.514956674212
809.190275279057
808.8665220171235
808.5436840385311
808.2217491767404
807.9007059863651
807.580543776662
807.2612526407206
806.9428234803419
806.6252480265545
806.3085188557071
805.9926294009948
805.6775739592828
805.3633476930435
805.0499466272022
804.7373676406951
804.4256084525368
804.1146676022387
803.8045444244478
803.4952390177475
803.1867522076396
802.8790855038055
802.5722410518638
802.2662215799251
801.9610303403746
801.6566710473948
801.3531478108492
801.0504650672252
800.7486275083968
800.4476400090175
800.1475075533787
799.8482351625631
799.5498278227221
799.2522904152486
798.955627649576
798.6598439992547
798.3649436418789
798.0709304033534
797.7778077068851
797.4855785270054
797.194245348831
796.9038101326887
796.6142742841607
796.3256386295292
796.0379033965518
795.7510682004571
795.4651320349947
795.1800932683772
794.8959496439041
794.6126982850698
794.3303357049334
794.0488578195371
793.768259965157
793.4885369191621
793.2096829242722
792.9316917159824
792.6545565529441
792.3782702500575
792.1028252140494
791.8282134812712
791.5544267574692
791.2814564592368
791.0092937568609
790.7379296182605
790.4673548536949
790.1975601609148
789.9285361704251
789.6602734905224
789.39276275177
789.1259946505868
788.8599599916364
788.5946497287093
788.3300550038297
788.0661671843212
787.8029778976172
787.5404790635997
787.2786629243157
787.0175220709169
786.7570494677238
786.4972384733279
786.2380828586769
785.9795768221189
785.7217150013893
785.4644924825546
785.2079048059485
784.9519479691339
784.6966184269623
784.4419130887916
784.1878293129577
783.9343648985935
783.681518074903
783.4292874880156
783.1776721855549
782.9266715990685
782.6762855244738
782.4265141006957
782.1773577866721
781.928817336917
781.6808937758391
781.4335883710237
781.1869026056752
780.9408381504398
780.6953968348117
780.4505806183282
780.206391561764
779.9628317985105
779.7199035063416
779.4776088797364
779.2359501029397
778.99492932392
778.7545486293752
778.5148100209362
778.2757153926957
778.0372665101858
777.7994649909219
777.562312286613
777.3258096671279
777.0899582063101
776.8547587697007
776.6202120042351
776.3863183299653
776.1530779338284
775.9204907654977
775.688556535308
775.4572747142558
775.2266445360407
774.9966650011099
774.7673348826462
774.538652734424
774.3106169004428
774.0832255262294
773.8564765716951
773.6303678254027
773.4048969201066
773.180061349408
772.9558584853528
772.7322855968113
772.5093398684551
772.287018420147
772.0653183265728
771.8442366369171
771.6237703944164
771.4039166555964
771.1846725090276
770.9660350934304
770.7480016149567
770.5305693635021
770.3137357278997
770.09749820985
769.881854436471
769.666802171343
769.4523393239479
769.2384639574171
769.0251742945039
768.8124687217314
768.6003457916632
768.3888042232803
768.1778429004517
767.9674608685165
767.7576573290088
767.548431632579
767.339783270181
767.131711862629
766.9242171486212
766.7172989713763
766.5109572640151
766.3051920338569
766.1000033458056
765.8953913050029
765.6913560389456
765.4878976792673
765.2850163433744
765.0827121161508
764.880985031914
764.6798350568242
764.4792620719289
764.2792658570147
764.0798460754309
763.88100226004
763.6827338004201
763.4850399314504
763.287919723375
763.0913720734393
762.8953956991597
762.6999891332871
762.5051507204957
762.3108786158131
762.1171707847997
761.9240250054537
761.7314388718218
761.5394097992613
761.3479350313045
761.1570116480442
760.9666365759693
760.7768065991413
760.5875183716189
760.3987684310164
760.2105532130686
760.0228690670846
759.835712272152
759.649079053961
759.462965602105
759.277368087726
759.0922826813575
758.9077055708309
758.7236329791092
758.5400611819124
758.3569865250073
758.1744054410318
757.9923144657439
757.81071025357
757.6295895923527
757.4489494171945
757.2687868233052
757.0890990777624
756.9098836301112
756.7311381217288
756.5528603938881
756.3750484944685
756.1977006832628
756.0208154358392
755.8443914459331
755.6684276263367
755.4929231082789
755.3178772392905
755.143289579555
754.9691598967614
754.7954881594865
754.6222745291353
754.449519350489
754.2772231409143
754.1053865782993
753.9340104877928
753.7630958274343
753.592643672768
753.4226552005522
753.2531316716693
753.084074413368
752.9154848009588
752.7473642391038
752.5797141428374
752.4125359184618
752.2458309444664
752.0796005526126
751.9138460093382
751.7485684976185
751.5837690994346
751.4194487789797
751.2556083667399
751.0922485445722
750.9293698318959
750.7669725731105
750.6050569263259
750.4436228535036
750.282670112072
750.1221982480821
749.962206590948
749.8026942498075
749.6436601115192
749.4851028403042
749.3270208790199
749.1694124520454
749.012275569738
748.8556080344132
748.6994074477846
748.5436712197869
748.3883965787005
748.2335805824774
748.0792201311694
747.9253119803407
747.7718527553551
747.6188389664053
747.4662670241676
747.3141332559464
747.1624339221805
747.0111652331839
746.8603233659912
746.7099044811829
746.5599047395679
746.4103203186062
746.261147428466
746.112382327597
745.9640213377335
745.8160608582313
745.6684973796469
745.5213274964995
745.3745479191257
745.2281554845889
745.0821471665738
744.9365200842287
744.7912715099258
744.6463988758937
744.5018997797239
744.3577719887186
744.2140134430833
744.0706222579653
743.9275967243403
743.784935308767
743.6426366520284
743.5006995666835
743.3591230335676
743.2179061972748
743.0770483606705
742.9365489784789
742.7964076500056
742.6566241110492
742.5171982250685
742.378129973673
742.2394194465072
742.1010668306087
741.9630723993113
741.8254365007814
741.688159546268
741.5512419981507
741.414684357874
741.2784871538537
741.1426509294408
741.0071762310304
740.8720635963966
740.7373135433392
740.6029265587194
740.4689030879581
740.3352435250683
740.2019482032932
740.0690173864024
739.9364512607057
739.8042499278348
739.6724133983262
739.5409415860491
739.4098343034964
739.2790912579618
739.1487120486137
739.0186961644628
738.8890429832285
738.7597517710789
738.6308216832354
738.502251765403
738.3740409560052
738.2461880891666
738.1186918984133
737.991551021029
737.8647640030124
737.7383293045818
737.6122453061587
737.4865103147688
737.3611225707926
737.2360802550016
737.1113814958093
736.9870243766751
736.863006943595
736.739327212615
736.6159831773092
736.4929728161658
736.3702940998284
736.2479449981366
736.125923486934
736.0042275545876
735.8828552081945
735.761804479436
735.6410734300549
735.5206601569375
735.4005627967751
735.2807795302939
735.1613085860486
735.0421482437652
734.9232968372394
734.8047527567818
734.6865144512294
734.5685804295127
734.4509492618027
734.3336195802384
734.2165900792611
734.0998595155575
733.983426707641
733.8672905350807
733.7514499374033
733.6359039126892
733.5206515158787
733.405691856818
733.291024098063
733.1766474524678
733.0625611805809
732.948764587872
732.8352570218173
732.7220378688672
732.6091065513185
732.4964625241206
732.3841052716373
732.2720343043899
732.1602491558036
732.0487493789828
731.9375345435363
731.8266042324728
731.7159580391881
731.6055955645627
731.4955164141842
731.3857201957154
731.276206516414
731.166974980823
731.0580251886344
730.9493567327386
730.8409691974615
730.7328621569912
730.6250351739993
730.5174877984465
730.4102195665774
730.3032300000945
730.1965186054989
730.0900848735971
729.9839282791565
729.8780482806991
729.7724443204161
729.6671158242
729.5620622017663
729.457282846856
729.3527771375092
729.2485444363853
729.1445840911241
729.0408954347287
728.9374777859675
728.8343304497711
728.7314527176279
728.6288438679652
728.5265031665057
728.4244298666028
728.3226232095487
728.2210824248493
728.1198067304763
728.018795333088
727.9180474282309
727.8175622005213
727.7173388238134
727.6173764613623
727.517674265988
727.4182313802485
727.3190469366277
727.2201200577522
727.121449856636
727.0230354369706
726.9248758934593
726.8269703122085
726.7293177711772
726.6319173406926
726.5347680840342
726.4378690580901
726.3412193140848
726.2448178983842
726.1486638533711
726.0527562183926
725.957094030778
725.8616763269196
725.7665021434143
725.6715705182581
725.576880492091
725.4824311094773
725.3882214202215
725.2942504807071
725.2005173552468
725.10702111744
725.0137608515253
724.9207356537137
724.8279446335033
724.7353869149509
724.6430616379032
724.550967959169
724.459105053626
724.3674721152524
724.276068358071
724.1848930169998
724.0939453485981
724.0032246317004
723.9127301679274
723.8224612820726
723.7324173223496
723.642597660501
723.5530016917584
723.4636288346502
723.3744785306562
723.2855502437026
723.1968434594944
723.1083576846922
723.0200924459274
722.9320472886569
722.8442217758677
722.7566154866324
722.6692280145177
722.5820589658646
722.4951079579374
722.4083746169646
722.321858576074
722.2355594731414
722.1494769485707
722.0636106430131
721.9779601950546
721.8925252388802
721.807305401942
721.7223003026478
721.6375095480913
721.5529327318474
721.4685694318468
721.3844192083627
721.3004816021147
721.2167561325234
721.1332422961253
721.0499395651669
720.9668473864002
720.8839651800818
720.8012923392025
720.718828228946
720.63657218639
720.5545235204592
720.4726815121252
720.3910454148642
720.3096144553657
720.2283878344899
720.1473647284678
720.0665442903379
719.985925651606
719.9055079241193
719.8252902021326
719.745271564562
719.6654510773952
719.5858277962484
719.5064007690429
719.4271690387815
719.3481316464033
719.2692876336869
719.190636046187
719.112175936171
719.0339063655385
718.955826408694
718.8779351553487
718.8002317132377
718.7227152107147
718.645384799214
718.5682396555565
718.4912789840791
718.4145020185687
718.3379080239882
718.2614962979766
718.1852661721111
718.1092170129199
718.0333482226373
717.9576592396936
717.8821495389312
717.8068186315509
717.7316660647789
717.6566914212624
717.581894318193
717.507274406165
717.4328313677735
717.3585649159664
717.2844747921569
717.2105607641124
717.1368226236364
717.0632601840559
716.9898732775395
716.9166617522596
716.8436254694287
716.7707643002223
716.6980781226254
716.6255668182139
716.55323026891
716.481068353726
716.4090809455313
