1123.3363080000008
1123.0874448774896
1122.8184547169337
1122.55497892748
1122.300276582122
1122.049502786031
1121.7975898338216
1121.541590396396
1121.2805306206797
1121.0145899139852
1120.744390540845
1120.4705913579364
1120.1937317237423
1119.9142144862583
1119.632340207228
1119.3483454465306
1119.0624289975995
1118.7747659137567
1118.4855139747854
1118.1948166807906
1117.9028049915394
1117.609598646136
1117.315307279187
1117.0200313903747
1116.7238631796577
1116.4268870208152
1116.1291786527906
1115.8308013400786
1115.53179787894
1115.2321815945913
1114.9319373640124
1114.6310501900732
1114.3295751951814
1114.0277433788158
1113.7260673060578
1113.4253875636703
1113.1268049032403
1112.8314829572714
1112.540368573336
1112.2539293960076
1111.9720190961132
1111.6939372607594
1111.418670570105
1111.1452231539618
1110.8729060877113
1110.601477174069
1110.3310907776583
1110.062099306538
1109.7948049373101
1109.5292694158352
1109.2652525960689
1109.0022886691859
1108.7398522133676
1108.4775369703455
1108.2151759466249
1107.9528637742624
1107.6908839439843
1107.4295771175819
1107.1692015835183
1106.9098316526354
1106.6513205153806
1106.3933302728717
1106.1354121190886
1105.8771090422135
1105.6180527750598
1105.3580336578202
1105.0970326587128
1104.8352152569094
1104.5728946981492
1104.3104763271554
1104.0483955658713
1103.7870605298208
1103.5268071964672
1103.2678712438235
1103.01037688264
1102.7543399738493
1102.4996811409455
1102.246244722067
1101.993820825224
1101.7421694132395
1101.4910461363324
1101.2402290252292
1100.9895435787141
1100.7388823630718
1100.488215137166
1100.2375871677782
1099.9871062578818
1099.7369218559306
1099.4872012426526
1099.2381076398376
1098.989783451424
1098.7423396405418
1098.4958504656188
1098.2503520444536
1098.0058434781563
1097.762290052523
1097.519628702726
1097.277776038329
1097.0366387197932
1096.7961251368388
1096.5561565987266
1096.3166759774326
1096.0776521032594
1095.839079103062
1095.600971008287
1095.3633529885244
1095.1262511910265
1094.8896832444918
1094.653651055565
1094.4181367765452
1094.1831020098352
1093.9484896741253
1093.7142276307836
1093.4802331735668
1093.2464177285956
1093.0126914432908
1092.7789676135853
1092.5451670119219
1092.311222115296
1092.077081046272
1091.8427108288301
1091.6080994294732
1091.373256075328
1091.1382095328895
1090.9030043515195
1090.6676954399209
1090.4323416539582
1090.1969992525462
1089.9617160887944
1089.7265272568666
1089.491452657075
1089.2564966345158
1089.021649548674
1088.7868908867642
1088.552193368381
1088.317527414419
1088.082865369514
1087.8481849657699
1087.6134716788147
1087.3787198287957
1087.1439324849243
1086.9091204070664
1086.674300371485
1086.4394932634382
1086.2047222778858
1085.9700114695925
1085.735384765903
1085.5008654331411
1085.2664758984247
1085.0322377872544
1084.7981720425764
1084.5642990293895
1084.3306385796313
1084.0972099749795
1083.8640318869136
1083.6311222906274
1083.3984983485364
1083.166176232987
1082.9341708406268
1082.70249535337
1082.4711606268886
1082.2401744326598
1082.0095406326673
1081.7792584120573
1081.549321720048
1081.3197190635208
1081.090433758591
1080.8614446792199
1080.6327274614146
1080.4042560437545
1080.17600436616
1079.9479480211778
1079.720065660501
1079.492340001118
1079.2647583407809
1079.0373125678336
1078.8099987217438
1078.5828162160883
1078.3557668680037
1078.1288538850129
1077.9020809441065
1077.675451464834
1077.4489681354407
1077.2226327064254
1076.9964460260128
1076.7704082617279
1076.5445192343082
1076.3187787851564
1076.093187105155
1075.867744968207
1075.6424538338397
1075.4173158058438
1075.1923334549515
1074.967509530424
1074.7428465968642
1074.5183466381752
1074.2940106710464
1074.0698384067152
1073.8458279933163
1073.6219758629265
1073.3982766982735
1073.1747235244095
1072.9513079207347
1072.7280203389773
1072.5048505035243
1072.2817878627236
1072.0588220543414
1071.8359433462358
1071.6131430151631
1071.3904136326216
1071.1677492362614
1070.9451453775478
1070.7225990494342
1070.500108510043
1070.2776730280773
1070.055292581701
1069.8329675443365
1069.6106983882805
1069.388485430998
1069.1663286405253
1068.9442275070144
1068.72218097839
1068.500187450595
1068.2782447976292
1068.0563504240738
1067.8345013228256
1067.612694123164
1067.3909251182877
1067.1691902664793
1066.94748516532
1066.725805003215
1066.5041444964506
1066.2824978226154
1066.0608585624032
1065.8392196614548
1065.6175734221051
1065.3959115319647
1065.1742251324688
1064.9525049262875
1064.7307413183194
1064.508924581303
1064.287045034365
1064.065093221399
1063.8430600762538
1063.6209370633262
1063.3987162851336
1063.1763905524058
1062.953953416701
1062.731399169839
1062.5087228180519
1062.2859200410983
1062.0629871473993
1061.8399210353723
1061.6167191688633
1061.3933795711105
1061.1699008377352
1060.9462821653765
1060.7225233893837
1060.4986250219356
1060.2745882813037
1060.0504151038128
1059.8261081321314
1059.601670676525
1059.3771066491538
1059.1524204748148
1058.9276169843822
1058.7027012991164
1058.477678714871
1058.2525545950036
1058.02733427955
1057.8020230162704
1057.57662591675
1057.3511479382116
1057.1255938893291
1056.8999684563828
1056.6742762447263
1056.4485218297589
1056.2227098115034
1055.996844867325
1055.7709317981935
1055.5449755651011
1055.3189813135739
1055.0929543855937
1054.8669003195007
1054.6408248395069
1054.4147338372238
1054.1886333480684
1053.962529525496
1053.736428615799
1053.5103369356627
1053.2842608539431
1053.058206778221
1052.8321811458084
1052.6061904180303
1052.3802410759777
1052.1543396155432
1051.928492539483
1051.7027063444832
1051.4769875017514
1051.2513424303797
1051.025777463597
1050.8002988088951
1050.5749125037923
1050.3496243695868
1050.12443996579
1049.8993645480016
1049.6744030317432
1049.449559964328
1049.224839506185
1049.0002454223084
1048.7757810837436
1048.5514494782938
1048.3272532290632
1048.103194619016
1047.8792756195135
1047.6554979207701
1047.4318629622946
1047.2083719616815
1046.9850259404807
1046.7618257463
1046.5387720706922
1046.3158654627462
1046.0931063385713
1045.8704949870596
1045.6480315723768
1045.4257161336466
1045.2035485822064
1044.9815286967146
1044.7596561162766
1044.5379303316486
1044.3163506745636
1044.0949163052069
1043.873626197968
1043.6524791257393
1043.431473643183
1043.2106080696171
1042.9898804723239
1042.7692886512461
1042.5488301261119
1042.3285021270365
1042.1083015895688
1041.8882251549774
1041.6682691763674
1041.4484297309082
1041.2287026381737
1041.0090834842842
1040.789567651271
1040.5701503508542
1040.3508266616695
1040.131591568882
1039.9124400050935
1039.693366891503
1039.4743671783588
1039.2554358838636
1039.036568130864
1038.8177591807735
1038.5990044643806
1038.3802996092734
1038.1616404637914
1037.943023117452
1037.724443917933
1037.5058994847036
1037.2873867194721
1037.0689028136412
1036.850445252993
1036.632011819846
1036.413600592956
1036.1952099454595
1035.97683854115
1035.7584853294297
1035.540149539237
1035.3218306722852
1035.1035284958868
1034.885243035631
1034.6669745680974
1034.448723613752
1034.2304909300606
1034.0122775047937
1033.7940845493906
1033.575913492197
1033.3577659712892
1033.139643826598
1032.9215490909924
1032.7034839800126
1032.4854508799829
1032.2674523342932
1032.0494910277437
1031.8315697689363
1031.6136914708359
1031.3958591297023
1031.1780758027323
1030.9603445847924
1030.7426685847224
1030.5250509016744
1030.307494601973
1030.0900026969493
1029.8725781221258
1029.655223718061
1029.4379422130899
1029.2207362080624
1029.0036081631265
1028.786560386505
1028.5695950251409
1028.3527140570488
1028.1359192851712
1027.919212332529
1027.7025946384526
1027.4860674557278
1027.2696318484786
1027.0532886906906
1026.83703866529
1026.6208822637452
1026.404819786187
1026.1888513420838
1025.9729768515178
1025.7571960471296
1025.541508476812
1025.325913507231
1025.1104103282437
1024.894997958293
1024.6796752508399
1024.4644409018726
1024.2492934585532
1024.0342313290016
1023.8192527932375
1023.6043560152685
1023.3895390562777
1023.1747998888585
1022.9601364122099
1022.7455464681655
1022.531027857918
1022.3165783592534
1022.102195744098
1021.8878777961485
1021.6736223283503
1021.4594271999657
1021.245290333
1021.0312097277347
1020.8171834771588
1020.6032097801043
1020.3892869529273
1020.1754134396137
1019.9615878202303
1019.747808817672
1019.5340753027089
1019.3203862973518
1019.1067409765996
1018.8931386686414
1018.6795788536081
1018.4660611609796
1018.2525853657534
1018.0391513834855
1017.8257592643101
1017.6124091860382
1017.3991014464406
1017.1858364548025
1016.9726147228444
1016.7594368551012
1016.5463035388477
1016.3332155336686
1016.1201736607595
1015.9071787920625
1015.6942318393342
1015.4813337432438
1015.2684854625982
1015.0556879637869
1014.8429422105343
1014.6302491540354
1014.4176097235371
1014.2050248174253
1013.9924952948526
1013.7800219679369
1013.5676055945426
1013.3552468716568
1013.142946429349
1012.9307048253105
1012.7185225399618
1012.5063999721121
1012.2943374351626
1012.0823351538442
1011.8703932614917
1011.658511797847
1011.4466907074129
1011.2349298383607
1011.0232289420144
1010.8115876729304
1010.6000055895996
1010.3884821557873
1010.1770167425375
1009.9656086308556
1009.7542570150813
1009.5429610069551
1009.3317196403772
1009.1205318768416
1008.909396611527
1008.6983126800033
1008.4872788655138
1008.276293906777
1008.065356506234
1007.8544653386704
1007.6436190601262
1007.4328163169969
1007.2220557552288
1007.0113360295072
1006.8006558123303
1006.590013802872
1006.3794087355288
1006.1688393880654
1005.9583045892692
1005.7478032260437
1005.5373342498814
1005.326896682658
1005.116489621727
1004.906112244277
1004.6957638109533
1004.4854436687401
1004.2751512531152
1004.0648860895012
1003.8546477940386
1003.6444360737123
1003.4342507258714
1003.2240916371787
1003.0139587820313
1002.8038522204871
1002.5937720957451
1002.3837186312082
1002.1736921271724
1001.963692957175
1001.7537215640399
1001.5437784556566
1001.3338642005197
1001.1239794230751
1000.9141247989058
1000.7043010497833
1000.4945089386321
1000.2847492644372
1000.0750228571308
999.8653305724864
999.6556732870644
999.4460518932264
999.2364672942572
999.0269203996149
998.8174121203391
998.6079433646288
998.3985150336231
998.1891280173872
997.9797831911321
997.770481411671
997.5612235141294
997.3520103089171
997.1428425789741
996.9337210772925
996.724646524728
996.5156196080989
996.3066409785903
996.0977112504509
995.8888309999936
995.680000764905
995.4712210438472
995.2624922963655
995.0538149430827
994.845189366182
994.6366159101577
994.4280948828305
994.2196265566039
994.0112111699441
993.8028489290679
993.5945400098046
993.3862845596153
993.1780826997393
992.9699345274354
992.7618401182899
992.5537995285645
992.345812797545
992.1378799498705
991.930000997802
991.7221759434158
991.5144047806825
991.3066874974173
991.0990240770782
990.8914145003898
990.6838587467869
990.4763567956572
990.2689086273805
990.061514224162
989.8541735706502
989.6468866543519
989.4396534658368
989.2324739987498
989.0253482496317
988.8182762175637
988.6112579036454
988.4042933103207
988.197382440566
987.9905252969539
987.7837218806122
987.5769721900864
987.3702762201307
987.1636339604343
986.957045394305
986.7505104973268
986.5440292359963
986.337601566369
986.1312274327183
985.924906766225
985.7186394837124
985.512425486441
985.3062646589713
985.1001568681146
984.8941019619721
984.6880997690863
984.4821500977038
984.2762527351633
984.0704074474224
983.8646139787189
983.6588720513878
983.453181365832
983.2475416006561
983.041952412966
982.8364134388464
982.6309242940061
982.4254845746124
982.2200938582995
982.0147517053614
981.8094576601266
981.6042112525118
981.3990119997507
981.1938594082927
980.9887529758633
980.7836921936781
980.5786765487969
980.3737055266048
980.1687786134031
979.9638952990946
979.7590550799426
979.5542574613775
979.349501960833
979.1447881105896
978.9401154605903
978.7354835812145
978.5308920659756
978.326340534124
978.1218286331207
977.9173560409697
977.712922468377
977.5085276607183
977.3041713998019
977.0998535053997
976.8955738365394
976.6913322925506
976.4871288138401
976.2829633824091
976.0788360220979
975.8747467985571
975.670695818955
975.4666832314166
975.2627092242046
975.0587740246555
974.8548778978713
974.6510211451871
974.4472041024256
974.2434271379477
974.0396906505241
973.8359950670348
973.6323408400165
973.4287284450769
973.2251583781851
973.0216311528648
972.8181472972977
972.6147073513589
972.4113118636011
972.2079613881992
972.0046564818771
971.8013977008275
971.5981855976427
971.3950207182716
971.1919035990196
970.988834763602
970.7858147202699
970.582843959024
970.3799229489257
970.1770521355268
969.9742319384266
969.7714627489748
969.5687449281284
969.366078804481
969.1634646724788
968.9609027908244
968.7583933810939
968.5559366265688
968.3535326712952
968.1511816193754
967.9488835345065
967.7466384397597
967.5444463176143
967.342307110245
967.1402207200573
966.9381870104789
966.7362058069946
966.534276898423
966.3324000384235
966.130574947231
965.9288013135921
965.7270787969036
965.52540702953
965.3237856192758
965.1222141520109
964.9206921944079
964.7192192967881
964.5177949960375
964.3164188185837
964.1150902834013
963.9138089050263
963.712574196554
963.5113856726002
963.3102428522021
963.109145261638
962.9080924371451
962.7070839275203
962.5061192965811
962.3051981254779
962.1043200148354
961.9034845867245
961.7026914864398
961.501940384084
961.301230975952
961.1005629857085
960.8999361653582
960.6993502960066
960.4988051884143
960.2983006833455
960.0978366517184
959.8974129945532
959.6970296427414
959.4966865566241
959.2963837254026
959.0961211663823
958.8958989240635
958.6957170690879
958.4955756970525
958.2954749271967
958.0954149009863
957.8953957805874
957.6954177472611
957.4954809996736
957.295585752145
957.0957322328418
956.8959206819283
956.6961513496814
956.4964244945927
956.2967403814513
956.0970992794369
955.8975014602194
955.6979471960833
955.4984367580847
955.298970414253
955.0995484278429
954.9001710556554
954.7008385464252
954.5015511392938
954.3023090623742
954.1031125314094
953.9039617485412
953.7048569011923
953.5057981610655
953.3067856832708
953.1078196055795
952.9089000478148
952.7100271113762
952.5112008789055
952.3124214140868
952.1136887615918
951.9150029471563
951.7163639777953
951.5177718421493
951.3192265109551
951.1207279376389
950.9222760590244
950.7238707961474
950.5255120551664
950.3271997283663
950.1289336952385
949.9307138236322
949.7325399709628
949.5344119854688
949.3363297075042
949.1382929708582
948.9403016040866
948.7423554318486
948.5444542762356
948.346597958083
948.1487862982553
947.9510191188962
947.7532962446336
947.5556175037339
947.3579827291991
947.1603917597988
946.9628444410325
946.765340626019
946.5678801763119
946.3704629626294
946.1730888655112
945.9757577758835
945.77846959555
945.5812242375947
945.3840216267033
945.186861699407
944.9897444042442
944.7926697018449
944.595637564944
944.398647978318
944.2017009386551
944.0047964543623
943.8079345453023
943.6111152424759
943.4143385876504
943.217604632929
943.0209134402744
942.8242650809909
942.6276596351559
942.4310971910198
942.23457784437
942.0381016978621
941.8416688603262
941.6452794460477
941.4489335740316
941.2526313672479
941.0563729518684
940.860158456494
940.6639880113809
940.4678617476643
940.2717797965881
940.0757422887455
939.8797493533289
939.6838011173994
939.4878977051733
939.2920392373384
939.0962258303924
938.9004575960172
938.7047346404839
938.5090570640988
938.3134249606865
938.1178384171176
937.9222975128795
937.7268023196948
937.5313529011847
937.3359493125837
937.1405916005019
936.9452798027384
936.7500139481389
936.5547940565099
936.359620138575
936.1644921959817
935.9694102213504
935.7743741983722
935.579384101946
935.3844398983572
935.1895415454944
934.9946889931044
934.7998821830781
934.6051210497719
934.4104055203557
934.2157355151903
934.0211109482275
933.8265317274368
933.6319977552482
933.437508929016
933.2430651415019
933.0486662813654
932.8543122336748
932.6600028804237
932.4657381010591
932.2715177730162
932.0773417722572
931.8832099738164
931.6891222523459
931.4950784826601
931.3010785402806
931.1071223019759
930.9132096462956
930.7193404540974
930.5255146090608
930.3317319981957
930.1379925123265
929.9442960465686
929.7506425007778
929.557031779985
929.3634637947999
929.1699384617931
928.976455703847
928.7830154504753
928.5896176381108
928.3962622103546
928.2029491181919
928.0096783201659
927.8164497825135
927.6232634792561
927.4301193922523
927.2370175112028
927.0439578336159
926.8509403647275
926.6579651173746
926.4650321118338
926.2721413756084
926.079292943182
925.8864868557303
925.6937231607933
925.5010019119158
925.3083231682484
925.1156869941274
924.923093458615
924.730542635022
924.5380346004054
924.3455694350461
924.1531472219099
923.9607680460982
923.7684319942856
923.5761391541517
923.3838896138136
923.1916834612513
922.9995207837446
922.8074016673112
922.6153261961555
922.4232944521335
922.2313065142297
922.0393624580549
921.8474623553669
921.655606273613
921.4637942755016
921.272026418602
921.0803027549782
920.8886233308533
920.696988186313
920.5053973550453
920.3138508641217
920.1223487338156
919.9308909774668
919.7394776013878
919.5481086048137
919.3567839798961
919.1655037117449
918.9742677785115
918.7830761515173
918.5919287954301
918.4008256684755
918.2097667226992
918.0187519042644
917.8277811537872
917.6368544067143
917.4459715937255
917.2551326411767
917.0643374715647
916.8735860040229
916.6828781548294
916.4922138379453
916.3015929655558
916.1110154486278
915.9204811974716
915.7299901223042
915.539542133809
915.3491371436913
915.1587750652192
914.968455813753
914.7781793072513
914.5879454667594
914.3977542168655
914.2076054861292
914.0174992074792
913.8274353185685
913.6374137620969
913.4474344860907
913.2574974441359
913.0676025955723
912.8777499056382
912.687939345571
912.4981708926579
912.308444530244
912.1187602476904
911.9291180402876
911.7395179091245
911.5499598609149
911.3604439077792
911.1709700669917
910.9815383606868
910.7921488155305
910.6028014623645
910.4134963358163
910.2242334738866
910.0350129175154
909.8458347101268
909.656698897163
909.4676055256017
909.2785546434721
909.0895462993627
908.9005805419315
908.7116574194189
908.5227769791713
908.3339392671725
908.1451443275902
907.9563922023452
