1122.4984080000006
1120.8536165408896
1118.8795899184142
1116.780348352354
1114.6689135133913
1112.5915397120712
1110.5572487176598
1108.5600408454604
1106.5911061919046
1104.6434512324342
1102.7125087171282
1100.795402557124
1098.8901996150605
1096.9955228520882
1095.1104322848855
1093.2343537495221
1091.366905796336
1089.5076240778724
1087.6557014888303
1085.8098803691319
1083.9685527350946
1082.1300111221283
1080.2927224366438
1078.4555059805248
1076.6175650174669
1074.7783975962009
1072.9376517499506
1071.094981562557
1069.2499308421718
1067.4018628818444
1065.5499880924822
1063.6935857526637
1061.8325026388095
1059.9678882886296
1058.1029229817568
1056.2431314197734
1054.395899694649
1052.569089373503
1050.7690777405428
1048.9989242289803
1047.2574396680905
1045.5396271518068
1043.8383929185675
1042.1468691871908
1040.4604271496698
1038.777615349183
1037.0997506350068
1035.4294710729007
1033.7689618394481
1032.118623166891
1030.4766751158934
1028.8397469569143
1027.2040932560403
1025.5668773182406
1023.9270139347599
1022.2853027327811
1020.643883972612
1019.0052864539567
1017.3714384105447
1015.7429683597259
1014.1189780564976
1012.4972932510556
1010.8750545642587
1009.2494391867247
1007.6183095166483
1005.9806456788274
1004.3367018774314
1002.6879021740773
1001.0365424281043
999.3853877093918
997.7372530162572
996.0946376072166
994.4594579495174
992.832898343605
991.2153769764154
989.606611124463
988.005758116937
986.4116059272367
984.8227860337452
983.2379802789932
981.6560940376031
980.0763725628227
978.4984475340333
976.9223154839566
975.3482649264977
973.7767793300699
972.2084446055458
970.6438819427634
969.0837129239836
967.5285495596756
965.9789928027399
964.4356223105291
962.8989672754402
961.369459473194
959.8473803132773
958.3328193129552
956.8256600113587
955.3256016770204
953.832214297692
952.345014274347
950.8635423857423
949.3874256258084
947.9164099832095
946.4503599214927
944.9892292250499
943.533014311158
942.0817035493703
940.6352345489945
939.1934670033135
937.7561733739561
936.3230452144882
934.8937103602638
933.4677557605386
932.0447518554494
930.6242761730005
929.2059353407122
927.7893854239728
926.3743503419626
924.9606373950647
923.5481481820063
922.1368828661546
920.7269361229013
919.3184841295015
917.9117633683502
916.5070434111948
915.1045968715101
913.7046701325153
912.3074582408434
910.9130866214665
909.5216012275931
908.1329676089784
906.7470783354229
905.3637673533655
903.9828292304683
902.60404087432
901.2271832080968
899.8520604580372
898.478515151513
897.1064376037052
895.7357695013843
894.366502045312
892.9986698383358
891.6323421703513
890.2676134741437
888.9045945066898
887.543405327709
886.1841705369437
884.8270166470585
883.4720710381449
882.1194617337816
880.7693172598116
879.4217660391902
878.0769350501189
876.7349477395143
875.3959213738239
874.0599640972006
872.7271719637815
871.3976261521527
870.0713904991865
868.7485094412814
867.4290064385266
866.1128829760394
864.8001182663661
863.4906697923844
862.1844748110383
860.8814528757049
859.5815093340402
858.2845396356709
856.9904341641569
855.6990832149231
854.4103816955604
853.1242331382555
851.8405526868306
850.5592688431115
849.2803239107184
848.0036732352352
846.7292834830923
845.4571303055094
844.1871957831722
842.919466036159
841.6539293164384
840.3905747907537
839.1293920901812
837.8703715717481
836.6135051279854
835.3587873072786
834.106216478622
832.8557957879412
831.6075337016754
830.3614440047861
829.117545201403
827.8758593449115
826.6364103914848
825.3992222214147
824.1643165039832
822.9317105940995
821.7014156438931
820.4734350918117
819.2477636577192
818.0243869277008
816.8032815601302
815.5844160894911
814.3677522516481
813.1532467093808
811.9408530250847
810.7305237123255
809.5222122010019
808.3158745712118
807.1114709453454
805.9089664712209
804.7083318753328
803.5095436085327
802.3125836417794
801.1174389936183
799.9241010823048
798.7325649942948
797.5428287491017
796.3548926211375
795.1687585556564
793.9844296917645
792.8019099838169
791.6212038958347
790.4423161333639
789.265251374155
788.0900139627132
786.916607543179
785.7450346183552
784.5752960380291
783.407390434899
782.2413136395422
781.0770581153196
779.9146124589367
778.7539610120573
777.5950836240215
776.4379555960269
775.2825478241624
774.128827143816
772.9767568627963
771.8262974565062
770.6774073870887
769.5300440006666
768.3841644532783
767.2397266169941
766.0966899226781
764.9550161041356
763.8146698188302
762.6756191317266
761.537835859761
760.401295783813
759.2659787420694
758.1318686227459
756.9989532753689
755.8672243584664
754.7366771383299
753.6073102493216
752.479125421966
751.3521271816103
750.2263225183435
749.1017205285322
747.9783320296362
746.8561691526935
745.7352449204101
744.6155728224668
743.4971664028168
742.3800388757443
741.2642027879261
740.1496697425191
739.0364501984209
737.9245533537166
736.8139871172959
735.704758167298
734.5968720899773
733.4903335881875
732.3851467453815
731.2813153289974
730.1788431163823
729.0777342269643
727.9779934459517
726.8796265272181
725.7826404658427
724.6870437337599
723.5928464748056
722.5000606578952
721.4087001890143
720.3187809839646
719.2303210044761
718.1433402603396
717.0578607798096
715.9739065498034
714.8915034265775
713.810679016757
712.7314625280425
711.653884588691
710.5779770351028
709.5037726675466
708.431304975186
707.3606078330585
706.2917151753696
705.224660651223
704.1594772705467
703.0961970493164
702.0348506640767
700.9754671260966
699.9180734852082
698.8626945724977
697.8093527895282
696.7580679498561
695.7088571763353
694.6617348552775
693.6167126461216
692.5737995429855
691.5330019825351
690.4943239910077
689.4577673621503
688.4233318571868
687.3910154178164
686.360814383496
685.3327237049278
684.3067371465947
683.2828474723101
682.2610466089807
681.241325785067
680.2236756414701
679.2080863137659
678.1945474858194
677.1830484157746
676.1735779363097
675.1661244317994
674.1606757956752
673.1572193718126
672.1557418842154
671.1562293595675
670.1586670474258
669.1630393428646
668.169329716285
667.1775206548297
666.1875936194106
665.1995290207586
664.2133062171446
663.2289035355773
662.2462983173011
661.2654669874545
660.2863851477578
659.3090276901991
658.3333689288869
657.359382746611
656.3870427521958
655.4163224444933
654.4471953788226
653.4796353318409
652.5136164611555
651.5491134564835
650.5861016797576
649.6245572922245
648.6644573672636
647.7057799883228
646.7485043319639
645.7926107365645
644.8380807576589
643.8848972112338
642.9330442065414
641.9825071700974
641.0332728625791
640.085329390257
639.1386662124754
638.1932741464882
637.2491453707199
636.3062734272415
635.3646532239572
634.4242810366901
633.4851545110495
632.5472726636849
631.610635882246
630.675245923154
629.7411059060759
628.8082203038769
627.8765949267085
626.9462368989015
626.0171546273539
625.0893577602365
624.1628571350125
623.2376647150119
622.3137935141176
621.3912575094291
620.4700715421709
619.5502512074585
618.6318127339181
617.7147728544859
616.7991486700041
615.8849575074682
614.9722167749364
614.0609438152047
613.1511557603559
612.2428693892216
611.3361009896703
610.4308662274318
609.5271800229469
608.625056437459
607.7245085692996
606.8255484610463
605.9281870179744
605.032433938002
604.1382976531285
603.2457852822171
602.3549025948448
601.4656539858713
600.57804246033
599.6920696282087
598.8077357087027
597.9250395435132
597.0439786187851
596.1645490952807
595.286745846396
594.4105625036151
593.5359915089846
592.6630241741638
591.7916507455761
590.9218604751449
590.0536416960642
589.1869819030107
588.3218678361742
587.4582855684623
586.5962205952111
585.7356579257316
584.8765821760237
584.0189776620025
583.1628284925998
582.3081186621288
581.4548321413336
580.6029529665735
579.7524653266413
578.9033536467286
578.0556026691157
577.2091975301802
576.3641238333671
575.5203677177913
574.6779159221837
573.8367558439179
572.9968755928909
572.1582640400461
571.3209108603629
570.4848065701407
569.6499425584275
568.8163111124544
567.9839054369327
567.1527196670938
566.3227488753417
565.4939890714095
564.6664371959192
563.8400911072686
563.0149495618023
562.1910121872622
561.3682794495763
560.5467526131052
559.7264336945454
558.9073254107815
558.0894311210693
557.2727547640301
556.4573007900362
555.6430740896526
554.8300799188848
554.018323822048
553.20781155312
552.3985489964672
551.5905420878427
550.7837967365369
549.978318749519
549.1741137583573
548.3711871496233
547.569543999401
546.769189012419
545.9701264662291
545.1723601607373
544.3758933733047
543.5807288195396
542.7868686198067
541.9943142714269
541.2030666264654
540.4131258749642
539.6244915334503
538.8371624385175
538.0511367452807
537.2664119304902
536.4829848001027
535.7008515011129
534.9200075374563
534.1404477898029
533.3621665390705
532.5851574934816
531.8094138189985
531.0349281729482
530.2616927406467
529.4896992748121
528.7189391375332
527.9494033445278
527.1810826114154
526.4139674016715
525.6480479759333
524.8833144422725
524.1197568070501
523.3573650259309
522.5961290546417
521.8360388990352
521.0770846640406
520.319256601076
519.5625451535309
518.8069409999455
518.0524350945452
517.2990187048329
516.5466834459776
515.7954213117921
515.0452247021302
514.2960864465886
513.5479998244437
512.8009585807956
512.0549569389335
511.30998960897233
510.5660517928454
509.8231391857622
509.08124797426615
508.3403748310448
507.60051690666245
506.86167181839556
506.12383763636484
505.38701286716
504.65119643516937
503.9163876618226
503.18258624296516
502.44979222458886
501.71800597713894
500.98722816863096
500.2574597368024
499.52870186052985
498.80095593074174
498.0742235210495
497.34850635831907
496.623806293395
495.9001252721833
495.17746530728874
494.45582845038757
493.735216765508
493.0156323033737
492.2970770769548
491.57955303835246
490.86306205713316
490.14760590021143
489.4331862133704
488.7198045044926
488.007462128569
487.2961602745345
486.5858999539767
485.8766819917492
485.16850701851575
484.4613754652372
483.75528755961335
483.0502433244696
482.3462425780809
481.64328493640653
480.9413698172024
480.2404964459636
479.5406638636387
478.8418709360432
478.1441163648861
477.44739870031003
476.7517163548307
476.05706761854884
475.36345067549024
474.67086362092437
473.97930447949193
473.28877122396904
472.5992617944788
471.91077411796226
471.2233061277102
470.5368557827551
469.85142108692634
469.1670001073634
468.4835909923012
467.8011919879289
467.11980145415174
466.43941787907806
465.76003989207993
465.08166627528277
464.40429597335486
463.7279281014898
463.0525619514884
462.3781969958685
461.7048328899497
461.0324694718821
460.3611067606074
459.69074495176534
459.0213844115733
458.35302566873395
457.6856694044445
457.01931644059647
456.35396772628224
455.6896243227309
455.0262873868266
454.3639581533607
453.70263791619726
453.0423280085311
452.3830297824339
451.7247445878852
451.06747375149257
450.41121855510573
449.7559802145278
449.10175985852726
448.4485585083448
447.79637705788406
447.1452162547683
446.49507668243007
445.84595874339095
445.19786264387716
444.55078837989686
443.9047357248968
443.2597042190949
442.61569316057376
441.9727015982
441.3307283264221
440.68977188198164
440.0498305425594
439.41090232735695
438.7729849996078
438.13607607099067
437.50017280790445
436.865272239555
436.23137116778236
435.5984661785551
434.9665536550329
434.3356297920995
433.70569061224944
433.0767319827032
432.44874963361895
431.8217391772573
431.1956961279535
430.57061592273857
429.9464939424548
429.32332553320356
428.70110602795984
428.0798307681964
427.45949512535026
426.84009452198126
426.22162445246147
425.6040805030533
424.98745837123454
424.371753884135
423.75696301596327
423.14308190430893
422.53010686521463
421.91803440692473
421.3068612422294
420.69658429932997
420.08720073116797
419.478707923165
418.8711034993402
418.26438532677395
417.6585515184042
417.05360043414873
416.4495306803597
415.8463411076234
415.24403080693344
414.64259910427063
414.04204555363543
413.44236992858845
412.8435722123604
412.24565258660925
411.6486114189021
411.0524492490141
410.4571667741461
409.86276483316374
409.26924438997224
408.67660651615216
408.0848523729748
407.49398319293516
406.9040002609341
406.31490489525004
405.72669842843993
405.1393821883096
404.55295747909867
403.96742556301587
403.3827876422626
402.79904484167935
402.2161981921407
401.63424861482395
401.0531969064595
400.4730437256759
399.8937895805299
399.3154348173114
398.7379796106941
398.16142395529795
397.58576765871345
397.0110103360221
396.43715140584084
395.86419008790193
395.29212540216247
394.7209561694316
394.1506810134855
393.58129836463064
393.0128064646595
392.4452033731394
391.8784869749542
391.31265498902013
390.74770497807776
390.18363435946344
389.6204404167521
389.0581203121583
388.49667109958204
387.93608973817885
387.3763731063356
386.8175180159309
386.2595212267624
385.7023794610239
385.1460894177179
384.5906477868958
384.0360512636214
383.48229656155814
382.9293804260916
382.37729964689817
381.82605106988996
381.27563160845745
380.7260382539607
380.17726808540334
379.62931827825685
379.0821861123893
378.53586897907593
377.99036438706685
377.4456699677004
376.9017834790533
376.3587028091313
375.81642597810156
375.2749511395837
374.73427658101525
374.19440072311204
373.65532211845675
373.1170394492414
372.5795515242053
372.04285727480425
371.5069557506557
370.9718461143098
370.43752763538845
369.9039996841529
369.3712617245496
368.8393133067925
368.3081540595416
367.77778368173875
367.24820193416184
366.71940863076225
366.1914036298496
365.66418682518923
365.1377581370779
364.6121175034606
364.087264871157
363.5632001872574
363.03992339075126
362.51743440444864
361.99573312724965
361.47481942681816
360.9546931327088
360.43535402999294
359.9168018534267
359.39903628219616
358.8820569352719
358.36586336739646
357.85045506572595
357.3358314471367
356.8219918562058
356.3089355638613
355.7966617667009
355.2851695869611
354.7744580731211
354.26452620111496
353.7553728761214
353.2469969348963
352.7393971486067
352.2325722261236
351.7265208177234
351.2212415191501
350.7167328759847
350.2129933882662
349.71002151531377
349.20781568069094
348.70637427726064
348.2056956722787
347.705778212474
347.2066202290671
346.70822004268496
346.21057596812665
345.71368631894387
345.21754941180427
344.7221635706041
344.22752713031036
343.7336384405067
343.2404958686313
342.7480978028938
342.2564426548625
341.7655288617212
341.275354888194
340.78591922814434
340.2972204058533
339.80925697698865
339.3220275292777
338.8355306828981
338.3497650906019
337.864729437594
337.3804224411798
336.8968428502058
336.4139894443104
335.9318610330062
335.4504564546137
334.96977457506733
334.48981428661193
334.0105745064094
333.53205417507394
333.0542522551524
332.5771677295681
332.100799600042
331.6251468855088
331.150208620539
330.6759838537833
330.2024716464501
329.7296710708279
329.25758120886434
328.7862011508096
328.31552999393705
327.84556684134543
327.37631080085083
326.9077609839764
326.43991650504296
325.97277648036516
325.50634002755555
325.04060626493947
324.57557431107864
324.11124328440434
323.64761230295744
323.18468048422875
322.7224469450983
322.2609108018622
321.8000711703424
321.339927166067
320.880477904512
320.4217225013911
319.96366007298104
319.50628973646866
319.0496106103052
318.59362181455293
318.1383224712092
317.68371170449296
317.22978864107927
316.7765524102698
316.3240021440823
315.87213697725286
315.42095604713677
314.9704584935004
314.5206434581998
314.0715100847372
313.6230575176978
313.17528490206337
312.7281913824059
312.28177610196724
311.83603820162887
311.3909768187855
310.9465910861282
310.50288013035646
310.0598430708297
309.6174790181779
309.1757870728884
308.7347663238885
308.29441584714317
307.8547347042897
307.4157219413284
306.9773765873903
306.53969765360233
306.1026841320675
305.66633499497954
305.2306491938878
304.79562565912636
304.36126329942306
303.9275610016966
303.49451763105213
303.0621320309818
302.63040302377397
302.1993294111343
301.7689099750163
301.33914347865885
300.9100286678285
300.4815642722547
300.0537490072506
299.62658157550976
299.2000606690619
298.7741849713755
298.3489531595914
297.9243639068665
297.50041588481264
297.07710776600896
296.6544382265687
296.232405948739
295.8110096235125
295.39024795323013
294.97011965415396
294.5506234589879
294.1317581193272
293.71352240801536
293.2959151213887
292.8789350813897
292.46258113753265
292.0468521687004
291.6317470847609
291.2172648279848
290.8034043742517
290.3901647340336
289.9775449531426
289.56554411323543
289.1541613320659
288.7433957634793
288.33324659714685
287.9237130580337
287.5147944056042
287.1064899327648
286.6987989645486
286.2917208565468
285.8852549930967
285.4794007852363
285.0741576684373
284.66952510013107
284.26550255704683
283.862089532376
283.45928553278907
283.05709007532226
282.6555026841604
282.25452288734164
281.8541502134077
281.454384188032
281.0552243306471
280.65667015110586
280.2587211464037
279.8613767974862
279.4646365661774
279.06849989225003
278.67296619066803
278.27803484902364
277.8837052251961
277.4899766452498
277.09684840159446
276.70431975142435
276.312389915449
275.92105807693105
275.5303233810388
275.1401849345198
274.75064180570024
274.3616930248091
273.9733375846266
273.58557444145004
273.19840251636805
272.811820696836
272.4258278385322
272.04042276748646
271.65560428245453
271.27137115752436
270.8877221449259
270.50465597802446
270.12217137446885
269.7402670394679
269.3589416691689
268.9781939541069
268.5980225826977
268.2184262447436
267.8394036349257
267.4609534562504
267.08307442342425
266.70576526612905
266.32902473217194
265.95285159048296
265.57724463393856
265.20220268198887
264.8277245830657
264.45380921675707
264.0804554957267
263.7076623673684
263.33542881517957
262.9637538598465
262.5926365600313
262.22207601285675
261.8520713540855
261.4826217579933
261.11372643693693
260.74538464062334
260.37759565508424
260.01035880136646
259.64367343394963
259.277538938903
258.9119547317985
258.5469202553974
258.1824349771287
257.81849838638175
257.4551099916354
257.092269317448
256.72997590133195
256.36822929054216
256.0070290388025
255.64637470299948
255.2862658398719
